108 G4 103 119 121 124 B103 B108 B128 
BCB_01 1 1 183 192 187 190 287 287 173 179 183 228 204 204 290 316 -9 -9 155 159
BCB_02 1 1 183 198 187 190 287 287 173 173 228 237 213 213 290 316 -9 -9 155 159
BCB_04 1 1 183 192 187 190 287 287 173 179 183 228 204 204 284 316 -9 -9 153 185
BCB_06 1 1 183 183 187 190 287 287 173 179 183 228 204 204 290 316 -9 -9 155 159
BCB_08 1 1 183 192 187 190 287 287 173 179 183 228 204 204 290 316 -9 -9 153 185
BCB_12 1 1 183 189 187 190 -9 -9 173 179 183 183 204 204 290 316 -9 -9 155 159
BCB_21 1 1 183 183 187 190 -9 -9 173 179 183 183 204 204 284 316 -9 -9 153 185
BCB_22 1 1 183 192 187 190 287 287 173 179 183 228 204 204 -9 -9 -9 -9 155 185
BCL_01 2 1 183 189 187 190 -9 -9 170 173 234 237 -9 -9 -9 -9 -9 -9 -9 -9
BCL_02 2 1 183 183 187 190 -9 -9 173 182 222 228 216 222 282 352 128 128 -9 -9
BCL_03 2 1 183 183 187 187 284 284 176 182 222 234 204 222 282 336 128 128 169 169
BCL_05 2 1 189 195 190 190 284 284 170 170 222 240 216 222 286 306 122 128 167 167
BCL_07 2 1 -9 -9 187 187 -9 -9 173 176 183 237 213 216 282 286 114 128 -9 -9
BCL_09 2 1 183 189 187 187 284 284 158 182 222 231 204 216 306 336 114 134 157 171
BCL_10 2 1 189 195 187 190 -9 -9 173 179 231 231 210 213 286 360 114 130 161 161
BCL_11 2 1 183 198 187 187 -9 -9 170 170 183 222 204 216 282 282 114 130 167 173
BCL_12 2 1 183 201 187 187 284 284 173 185 234 234 213 213 340 354 114 114 -9 -9
BCL_13 2 1 183 201 187 190 284 284 176 176 222 228 213 222 282 290 128 130 167 167
BCL_14 2 1 183 189 190 190 284 284 173 176 231 234 213 216 286 336 128 134 171 171
BCL_15 2 1 183 198 190 190 284 287 173 179 231 237 210 222 282 336 128 134 175 175
BCP_01 3 1 183 183 187 190 284 284 -9 -9 222 237 204 204 286 292 126 126 -9 -9
BCP_28 3 1 183 183 187 190 284 284 170 170 237 249 204 210 284 284 126 126 163 175
BLU_01 4 1 183 189 187 190 287 287 170 170 216 237 213 213 278 278 -9 -9 158 158
BLU_02 4 1 183 189 190 190 284 287 170 173 231 234 210 213 280 280 -9 -9 158 158
BLU_07 4 1 183 189 187 190 284 287 170 170 234 234 213 222 280 284 -9 -9 158 158
BLU_08 4 1 183 189 187 190 284 287 176 182 216 231 213 213 -9 -9 -9 -9 158 158
BLU_18 4 1 195 198 187 190 284 287 170 176 183 234 213 222 278 278 -9 -9 158 158
BLU_20 4 1 198 198 187 187 287 287 158 176 183 237 213 222 278 278 -9 -9 158 158
BLU_22 4 1 183 189 190 190 284 284 158 173 183 183 213 213 282 282 -9 -9 158 158
BLU_24 4 1 189 195 187 190 284 287 170 179 237 237 210 210 284 284 -9 -9 158 158
BLU_25 4 1 183 198 187 190 284 284 176 182 234 234 216 222 -9 -9 -9 -9 158 158
BSF_01 5 1 195 198 190 190 284 284 158 182 231 234 204 216 326 338 -9 -9 -9 -9
BSF_02 5 1 195 198 187 190 284 284 170 182 183 234 213 222 282 342 -9 -9 -9 -9
BSF_03 5 1 183 183 187 190 284 284 170 182 231 234 210 222 278 342 -9 -9 -9 -9
BSF_04 5 1 183 201 190 190 284 284 170 182 234 234 204 210 278 336 -9 -9 -9 -9
BSF_05 5 1 183 192 187 187 284 284 173 176 234 234 213 216 294 336 -9 -9 -9 -9
BSF_06 5 1 183 192 190 190 284 284 173 182 234 234 213 216 282 336 -9 -9 -9 -9
BSF_07 5 1 183 183 187 190 284 284 176 176 234 234 204 216 294 336 -9 -9 -9 -9
BSF_08 5 1 183 183 190 190 284 284 170 182 234 234 222 222 304 342 -9 -9 167 171
BSF_09 5 1 183 198 187 187 284 284 170 182 234 237 204 213 282 334 -9 -9 -9 -9
BSF_10 5 1 183 195 187 190 284 287 173 182 234 237 204 213 284 298 -9 -9 -9 -9
BSF_11 5 1 183 201 190 190 284 284 176 194 231 237 213 213 282 326 -9 -9 171 171
BSF_12 5 1 183 195 187 190 284 284 -9 -9 231 234 213 216 334 334 -9 -9 -9 -9
BSF_13 5 1 183 195 187 190 284 284 170 173 183 234 216 222 336 342 -9 -9 -9 -9
BSF_14 5 1 183 183 187 187 284 284 173 176 231 231 204 213 282 336 -9 -9 -9 -9
BSF_15 5 1 183 198 190 190 284 284 170 170 234 237 204 204 294 294 -9 -9 159 159
BSF_16 5 1 183 198 187 190 284 284 158 182 231 231 204 222 278 334 -9 -9 -9 -9
BSF_17 5 1 -9 -9 187 190 284 284 170 182 234 234 204 213 336 336 -9 -9 159 169
BSF_18 5 1 -9 -9 187 190 284 284 170 170 234 234 204 213 282 336 -9 -9 167 171
BSF_19 5 1 183 183 187 190 284 284 173 173 231 237 204 216 334 334 -9 -9 167 179
BSF_20 5 1 183 183 190 190 284 284 170 182 228 240 204 216 294 300 -9 -9 -9 -9
BSF_21 5 1 183 195 187 187 284 284 170 176 234 237 204 216 278 294 -9 -9 -9 -9
BTH_02 6 1 -9 -9 187 190 284 284 161 191 225 228 210 219 -9 -9 -9 -9 -9 -9
BTH_03 6 1 189 201 187 187 287 324 173 191 183 228 204 216 -9 -9 -9 -9 -9 -9
BTH_04 6 1 183 195 187 187 281 284 -9 -9 183 228 216 216 -9 -9 -9 -9 -9 -9
BTH_05 6 1 195 198 187 187 324 324 -9 -9 -9 -9 216 216 -9 -9 -9 -9 -9 -9
BTH_06 6 1 198 198 187 187 281 324 161 176 183 234 216 216 -9 -9 -9 -9 -9 -9
BTH_07 6 1 198 198 187 190 284 287 170 170 183 228 216 216 -9 -9 -9 -9 -9 -9
BTH_08 6 1 198 198 187 190 287 287 170 170 183 228 216 216 -9 -9 -9 -9 -9 -9
BTH_09 6 1 195 198 190 190 281 284 176 191 -9 -9 210 216 -9 -9 -9 -9 -9 -9
BTH_10 6 1 189 198 187 187 -9 -9 170 191 228 228 216 219 -9 -9 -9 -9 -9 -9
BTH_11 6 1 189 198 187 187 284 318 170 176 183 228 216 216 -9 -9 -9 -9 -9 -9
BTH_12 6 1 198 198 187 187 281 324 173 176 183 234 216 216 -9 -9 -9 -9 -9 -9
BTH_13 6 1 183 198 187 187 -9 -9 170 191 183 216 219 219 -9 -9 -9 -9 -9 -9
BTH_14 6 1 183 198 187 187 281 339 170 170 225 228 213 216 -9 -9 -9 -9 -9 -9
BTH_15 6 1 198 198 190 190 321 324 176 191 183 225 216 219 -9 -9 -9 -9 -9 -9
BTH_16 6 1 195 198 190 190 287 324 170 170 228 228 216 216 -9 -9 -9 -9 -9 -9
BTH_17 6 1 198 198 187 190 284 339 170 191 183 183 216 216 -9 -9 -9 -9 -9 -9
BTH_18 6 1 198 198 187 190 284 321 170 173 183 183 213 213 -9 -9 -9 -9 -9 -9
BTH_19 6 1 183 189 187 190 284 339 170 191 216 228 210 219 -9 -9 -9 -9 -9 -9
BTH_20 6 1 195 198 187 187 284 321 161 170 183 228 216 216 -9 -9 -9 -9 -9 -9
BTH_21 6 1 195 198 190 190 284 321 170 176 -9 -9 216 216 -9 -9 -9 -9 -9 -9
BTH_22 6 1 183 198 187 187 284 284 170 170 183 183 213 216 -9 -9 -9 -9 -9 -9
BTH_23 6 1 189 198 187 190 311 321 176 176 183 222 216 219 -9 -9 -9 -9 -9 -9
BTH_24 6 1 198 198 187 190 311 324 173 191 183 228 216 216 -9 -9 -9 -9 -9 -9
BTH_25 6 1 189 198 187 187 -9 -9 170 170 -9 -9 216 216 278 300 122 126 -9 -9
BTH_26 6 1 189 204 187 190 -9 -9 170 173 -9 -9 207 216 278 288 126 130 167 167
BTH_27 6 1 195 198 187 190 -9 -9 170 170 -9 -9 216 216 278 278 128 130 171 171
BTH_28 6 1 195 204 187 190 -9 -9 170 170 -9 -9 210 216 300 358 126 130 153 171
BTH_29 6 1 195 204 187 190 -9 -9 170 176 -9 -9 216 216 278 290 124 130 153 165
BTH_30 6 1 198 198 187 187 -9 -9 -9 -9 -9 -9 -9 -9 278 278 124 124 153 159
BTH_31 6 1 198 198 187 187 -9 -9 173 176 -9 -9 213 216 278 288 124 130 -9 -9
BTH_32 6 1 198 198 187 187 -9 -9 173 176 -9 -9 216 216 278 288 124 130 -9 -9
BTH_33 6 1 198 198 187 190 -9 -9 170 170 -9 -9 216 216 278 302 130 130 -9 -9
BTH_34 6 1 198 198 190 190 -9 -9 170 170 -9 -9 216 216 302 338 132 132 -9 -9
BTH_35 6 1 198 198 190 190 -9 -9 176 176 -9 -9 204 216 292 338 124 130 153 153
BTH_36 6 1 198 201 187 190 -9 -9 170 176 -9 -9 216 216 288 302 130 148 147 147
BTH_37 6 1 198 204 187 190 -9 -9 -9 -9 -9 -9 213 216 -9 -9 122 130 165 165
CAD_02 7 1 189 198 187 187 284 284 170 176 183 237 210 216 278 278 126 136 167 167
CAD_03 7 1 189 198 187 190 284 284 176 179 237 237 210 216 278 278 128 136 163 175
CAD_04 7 1 198 198 187 187 284 284 176 176 237 237 213 216 278 300 126 136 175 175
CAD_05 7 1 189 198 187 190 284 284 176 179 237 237 210 216 278 278 128 136 163 175
CAD_06 7 1 -9 -9 -9 -9 -9 -9 -9 -9 -9 -9 -9 -9 300 300 128 136 163 175
CAD_07 7 1 198 198 187 187 284 284 176 176 237 237 213 216 278 300 126 136 175 175
CAD_08 7 1 198 198 187 187 284 284 176 176 237 237 213 216 278 300 126 136 175 175
CAD_09 7 1 198 198 190 190 284 284 176 176 237 237 210 210 278 300 128 128 -9 -9
CAD_12 7 1 198 198 187 190 287 287 176 179 183 183 210 216 278 282 128 136 -9 -9
CAD_13 7 1 -9 -9 187 190 -9 -9 -9 -9 -9 -9 -9 -9 278 300 128 136 175 175
CAD_20 7 1 189 189 190 190 284 284 176 176 237 237 210 210 278 300 128 136 -9 -9
CAD_21 7 1 189 189 190 190 284 284 176 179 237 237 210 213 278 300 126 130 163 163
CAD_22 7 1 183 189 187 190 -9 -9 170 185 183 183 216 219 -9 -9 128 128 163 167
CAD_24 7 1 189 198 187 190 284 284 176 179 183 237 210 216 278 300 128 136 175 175
CAD_26 7 1 183 189 190 190 -9 -9 170 179 183 237 210 213 278 278 128 128 151 163
CAD_28 7 1 183 189 190 190 -9 -9 170 179 183 183 210 213 278 278 128 128 151 163
CAD_30 7 1 183 189 190 190 -9 -9 170 179 183 237 210 213 278 278 130 130 151 165
CAD_31 7 1 183 198 187 187 -9 -9 176 176 231 237 210 216 282 300 128 136 151 175
CAD_32 7 1 183 189 190 190 -9 -9 170 179 183 183 210 213 278 278 128 128 151 163
CAD_33 7 1 189 198 187 190 -9 -9 176 179 183 237 210 216 278 300 126 126 175 175
CAD_35 7 1 183 198 187 190 -9 -9 176 176 207 237 210 210 282 300 128 128 175 175
CAT_01 8 1 183 192 187 187 281 284 170 176 183 228 216 216 286 294 122 126 163 163
CCC_01 9 1 183 189 187 187 287 287 170 173 234 234 210 213 312 336 126 128 -9 -9
CCC_04 9 1 183 198 187 187 -9 -9 173 182 234 234 204 213 340 340 128 128 169 169
CCC_05 9 1 189 192 187 187 -9 -9 170 173 234 240 -9 -9 284 336 124 128 149 149
CCC_06 9 1 189 198 187 187 284 287 170 173 234 240 216 216 298 336 124 126 149 149
CCC_09 9 1 189 189 187 187 284 287 173 173 -9 -9 213 213 336 340 124 126 149 149
CCC_10 9 1 195 210 187 187 -9 -9 -9 -9 -9 -9 -9 -9 -9 -9 130 130 167 167
CCC_12 9 1 183 183 187 187 -9 -9 176 182 234 234 204 204 284 342 128 128 -9 -9
CCC_13 9 1 183 198 187 187 287 287 173 176 231 234 213 213 340 340 126 128 147 179
CCC_16 9 1 183 192 187 187 287 287 170 182 -9 -9 213 216 284 338 124 128 147 147
CCC_17 9 1 183 198 187 187 284 284 170 173 234 234 216 216 284 340 130 132 -9 -9
CCC_21 9 1 183 198 187 187 287 287 170 170 228 237 210 213 296 296 128 128 173 173
CCC_22 9 1 183 183 187 187 281 281 170 179 237 240 210 216 284 296 128 128 173 173
CFR_01 10 1 189 195 187 190 284 324 170 176 183 234 213 216 298 336 114 126 -9 -9
CFR_12 10 1 183 195 187 187 287 287 170 176 228 228 204 213 -9 -9 122 128 -9 -9
CFR_13 10 1 195 207 187 190 284 311 170 176 183 183 210 216 292 338 126 126 -9 -9
CFR_14 10 1 183 210 187 190 284 287 176 182 183 228 210 216 286 338 126 126 -9 -9
CFR_15 10 1 195 207 187 190 284 284 176 182 183 183 210 216 292 338 126 126 -9 -9
CHR_01 11 1 198 201 187 187 287 287 173 188 228 234 210 210 282 296 126 132 167 167
CHR_02 11 1 183 195 187 187 284 284 170 176 228 234 204 210 288 336 124 132 167 173
CHR_04 11 1 195 195 187 187 284 284 170 173 183 237 213 213 284 340 122 130 167 173
CHR_08 11 1 183 195 187 187 284 287 170 173 231 237 204 216 300 336 130 130 167 173
CHR_09 11 1 198 198 187 187 284 284 176 176 183 237 204 204 284 356 128 128 167 167
CHR_10 11 1 195 198 187 187 284 287 170 173 237 237 204 204 336 336 124 128 163 171
CHR_11 11 1 198 198 187 187 284 287 170 176 231 237 204 210 282 336 128 130 163 171
CHR_12 11 1 198 198 187 187 284 287 170 176 231 237 204 210 282 336 128 130 163 173
CHR_13 11 1 198 198 187 187 284 284 176 176 237 237 204 204 284 356 128 128 167 167
CHR_18 11 1 195 198 187 187 284 284 173 176 231 237 204 210 282 336 128 132 167 167
CHR_19 11 1 183 183 187 187 284 284 176 179 222 228 213 216 356 356 124 132 159 167
CHR_20 11 1 183 189 187 187 284 284 170 173 183 237 204 204 336 338 124 128 159 167
CHR_22 11 1 189 195 187 187 284 284 173 179 -9 -9 204 204 336 338 124 128 -9 -9
CHR_24 11 1 183 189 187 187 284 284 170 170 231 234 210 213 292 306 128 130 -9 -9
CHR_25 11 1 183 183 187 187 284 284 170 170 -9 -9 204 204 284 336 128 128 167 167
CHR_26 11 1 183 195 187 187 284 287 173 188 -9 -9 204 210 300 336 124 130 173 173
CHR_27 11 1 183 195 187 187 284 287 173 173 -9 -9 204 213 336 336 124 126 173 173
CHR_28 11 1 183 183 187 187 284 284 176 176 -9 -9 204 216 300 356 130 132 167 173
CHR_29 11 1 183 198 187 187 284 287 170 170 -9 -9 204 210 282 356 128 130 167 173
CKW_01 12 1 183 183 187 190 -9 -9 173 182 183 240 210 210 284 284 -9 -9 -9 -9
CKW_02 12 1 195 195 187 187 281 314 158 176 183 183 210 216 284 286 124 132 165 171
CKW_05 12 1 183 183 187 187 314 339 176 176 183 234 210 216 284 284 124 132 161 161
CKW_06 12 1 183 195 187 187 314 333 173 176 234 234 210 216 284 286 132 132 -9 -9
CKW_07 12 1 183 183 187 187 314 339 170 176 183 234 204 210 284 284 132 132 161 161
CKW_09 12 1 183 183 187 190 284 314 173 176 183 228 210 210 284 284 128 132 159 165
CKW_10 12 1 183 183 187 187 314 314 -9 -9 183 234 204 210 284 284 -9 -9 -9 -9
CKW_13 12 1 183 183 187 187 281 314 176 182 234 234 210 210 284 284 132 132 175 175
CKW_14 12 1 183 183 187 187 314 357 170 176 234 234 210 216 284 284 124 132 161 161
CKW_15 12 1 183 195 187 187 296 336 170 182 240 240 204 210 284 284 126 132 -9 -9
CKW_16 12 1 -9 -9 187 190 -9 -9 -9 -9 222 237 210 213 284 286 -9 -9 -9 -9
CKW_17 12 1 183 195 187 187 -9 -9 -9 -9 183 183 204 210 284 286 126 132 -9 -9
CKW_19 12 1 183 183 187 187 281 293 176 176 183 183 210 216 284 284 124 132 163 163
COL_01 13 1 189 189 187 187 284 284 176 182 225 240 213 216 286 286 126 126 157 165
COL_11 13 1 189 189 187 187 284 284 176 191 225 240 213 216 286 286 126 126 157 165
COL_16 13 1 189 189 187 187 284 284 182 191 183 240 213 213 286 292 126 126 161 161
COL_17 13 1 189 195 187 187 -9 -9 176 182 216 240 204 210 286 286 126 126 157 165
COL_18 13 1 189 195 187 187 324 324 182 191 240 240 210 213 286 286 126 126 157 165
COL_19 13 1 189 195 187 187 281 324 182 191 240 240 210 213 286 286 126 126 157 165
COL_31 13 1 189 189 187 187 284 284 176 182 225 240 213 216 286 286 126 126 157 165
COL_32 13 1 189 195 187 187 -9 -9 176 182 240 240 213 213 286 286 126 126 157 165
COL_33 13 1 189 195 187 187 281 281 176 182 240 240 213 213 286 294 126 126 165 165
COL_34 13 1 189 189 187 187 284 284 182 191 225 240 213 216 286 294 126 126 165 165
COL_35 13 1 189 189 187 187 284 284 176 182 225 240 213 216 286 286 126 126 157 165
COL_37 13 1 189 195 187 187 281 281 176 182 240 240 213 213 286 286 126 126 157 165
COL_39 13 1 189 189 187 187 311 321 170 176 183 228 204 216 -9 -9 126 126 165 165
COL_40 13 1 189 195 187 187 281 281 182 191 240 240 213 213 290 290 126 126 165 165
COL_44 13 1 189 195 187 187 281 281 182 191 240 240 213 213 286 294 126 126 165 165
COL_47 13 1 189 195 187 187 281 281 182 191 240 240 213 213 286 294 126 126 165 165
COL_48 13 1 189 195 187 187 324 324 182 191 183 183 213 213 -9 -9 126 126 165 165
COL_50 13 1 189 189 187 187 284 284 176 182 225 240 213 216 286 286 126 126 165 165
DCR_01 14 1 183 183 187 190 284 284 173 173 183 222 210 210 282 288 132 132 151 167
DRP_04 15 1 183 189 187 187 281 305 170 170 234 237 204 204 286 286 134 136 -9 -9
DRP_06 15 1 183 189 187 190 278 281 170 173 237 240 204 222 284 284 128 134 151 151
DRP_10 15 1 195 198 187 187 293 336 170 176 231 237 -9 -9 284 284 120 128 167 167
DRP_12 15 1 183 189 187 187 336 342 176 176 228 228 -9 -9 284 284 128 132 161 161
DRP_13 15 1 189 189 187 187 305 342 170 176 234 234 -9 -9 284 286 128 134 161 161
DRP_14 15 1 183 198 187 187 290 342 170 176 234 234 -9 -9 284 286 128 134 161 161
DRP_15 15 1 183 189 187 187 -9 -9 170 176 231 231 -9 -9 284 284 128 134 -9 -9
DRP_16 15 1 183 183 187 190 284 336 170 170 237 237 -9 -9 284 284 128 134 151 151
DRP_17 15 1 183 183 187 187 -9 -9 170 173 222 228 -9 -9 284 284 -9 -9 -9 -9
DRP_18 15 1 183 189 187 190 281 298 170 173 231 240 204 222 284 284 128 130 151 173
DRP_19 15 1 183 183 187 187 336 339 173 179 222 222 210 210 284 284 -9 -9 151 173
DRP_21 15 1 183 189 187 190 290 298 170 173 234 237 204 210 284 284 132 136 -9 -9
DRP_22 15 1 183 183 187 187 281 298 170 170 234 237 204 204 284 284 120 136 -9 -9
ER2_01 16 1 183 189 -9 -9 287 287 -9 -9 183 183 -9 -9 -9 -9 -9 -9 163 163
ER2_04 16 1 183 189 -9 -9 281 281 -9 -9 183 183 210 213 -9 -9 114 128 163 163
ER2_07 16 1 183 189 187 187 281 284 -9 -9 183 183 210 213 -9 -9 -9 -9 163 163
ER2_09 16 1 183 189 187 187 287 287 173 173 183 231 -9 -9 306 340 114 130 163 163
EUT_01 17 1 183 183 187 187 287 287 176 179 -9 -9 213 216 340 350 130 134 -9 -9
EUT_02 17 1 183 183 187 190 311 321 173 173 -9 -9 213 213 354 356 122 126 161 161
EUT_03 17 1 183 183 187 187 311 321 173 173 -9 -9 213 213 354 356 122 126 161 161
EUT_04 17 1 183 183 187 190 311 321 173 173 -9 -9 213 213 354 356 122 126 161 161
EUT_06 17 1 183 183 187 190 284 284 173 176 237 237 213 216 334 354 122 132 161 161
EUT_07 17 1 183 183 187 187 -9 -9 173 182 231 231 210 210 338 338 126 130 -9 -9
EUT_08 17 1 183 183 187 190 -9 -9 -9 -9 -9 -9 213 213 334 352 122 126 -9 -9
EUT_09 17 1 183 192 187 187 287 287 173 173 231 231 213 213 292 334 122 122 -9 -9
EUT_10 17 1 183 192 187 190 324 330 173 173 231 231 213 213 292 350 122 130 -9 -9
EUT_11 17 1 183 183 187 187 -9 -9 161 173 231 231 210 210 292 334 130 130 159 159
EUT_12 17 1 183 183 187 190 284 284 173 173 -9 -9 213 216 336 340 122 128 161 169
EUT_13 17 1 183 183 187 190 284 321 176 176 237 237 213 216 334 334 122 122 173 173
EUT_14 17 1 183 183 187 190 284 321 176 176 237 237 213 216 334 334 122 122 173 173
EUT_15 17 1 183 183 187 190 -9 -9 173 176 -9 -9 -9 -9 334 340 122 126 -9 -9
EUT_16 17 1 183 183 187 190 284 284 173 176 -9 -9 213 222 338 344 124 128 -9 -9
EUT_17 17 1 183 183 187 190 284 284 176 179 -9 -9 222 222 344 350 128 132 171 171
EUT_18 17 1 183 183 187 187 284 284 173 173 -9 -9 -9 -9 -9 -9 122 132 -9 -9
EUT_19 17 1 183 183 187 187 281 330 173 176 237 237 216 216 340 350 128 132 -9 -9
EUT_20 17 1 183 183 187 190 281 281 176 182 231 231 216 216 334 350 126 130 -9 -9
EUT_21 17 1 183 183 187 187 330 330 161 176 216 216 210 216 334 350 122 134 -9 -9
EUT_22 17 1 183 183 187 190 281 281 173 179 237 237 216 216 336 340 126 130 -9 -9
EUT_23 17 1 183 183 187 190 284 287 182 182 240 240 213 213 274 344 126 132 161 169
EUT_24 17 1 183 183 187 190 324 324 161 173 240 240 213 216 302 336 128 132 173 173
EUT_25 17 1 183 183 187 190 -9 -9 161 194 231 231 213 213 -9 -9 126 132 -9 -9
EUT_26 17 1 183 189 187 190 -9 -9 161 161 -9 -9 213 213 344 344 132 132 -9 -9
EUT_27 17 1 183 183 187 190 281 330 170 173 237 237 216 216 336 340 122 130 155 155
EUT_28 17 1 183 183 187 190 281 281 161 173 -9 -9 216 216 336 340 122 130 155 155
EUT_29 17 1 183 183 187 190 324 327 161 173 -9 -9 213 216 -9 -9 122 122 161 169
EUT_30 17 1 183 183 187 190 284 284 176 179 -9 -9 210 216 274 334 126 130 -9 -9
EUT_31 17 1 183 183 187 190 284 284 173 173 -9 -9 210 216 274 334 126 130 -9 -9
EUT_32 17 1 183 183 187 190 330 330 -9 -9 -9 -9 219 222 334 342 128 134 167 167
EUT_33 17 1 183 183 187 187 330 330 -9 -9 237 240 216 216 350 358 128 130 161 169
GCR_01 18 1 183 183 187 187 284 287 170 170 222 234 216 216 296 338 126 128 -9 -9
GCR_13 18 1 183 183 187 187 281 281 176 176 231 231 210 216 284 322 122 128 -9 -9
GCR_31 18 1 183 183 187 187 284 284 176 176 231 231 210 216 284 310 122 128 -9 -9
GCR_39 18 1 183 183 -9 -9 284 284 173 173 237 237 210 222 282 316 126 128 -9 -9
GCR_41 18 1 183 183 190 190 284 284 173 173 237 237 210 222 282 316 126 128 -9 -9
HAM_01 19 1 192 195 187 190 287 290 170 179 222 228 216 222 284 302 114 134 163 171
HAM_47 19 1 189 192 187 187 284 284 176 179 234 240 216 216 296 358 128 130 175 175
HEM_02 20 1 189 201 187 187 284 284 170 179 183 222 213 219 284 294 128 132 163 167
HEM_03 20 1 189 201 -9 -9 284 284 170 179 183 222 213 219 284 294 128 132 163 167
HEM_04 20 1 189 201 187 187 284 284 170 179 183 222 213 219 -9 -9 126 126 -9 -9
HEM_16 20 1 189 198 187 190 284 284 176 179 183 237 210 216 300 300 128 136 179 179
HEM_24 20 1 189 198 187 187 284 284 170 179 183 237 213 219 284 294 128 132 163 167
HOL_01 21 1 189 189 187 190 284 284 170 182 234 234 213 216 292 326 -9 -9 -9 -9
HOL_02 21 1 183 189 187 190 284 284 170 176 234 234 204 216 296 338 -9 -9 159 167
HOL_03 21 1 183 183 187 190 284 284 170 170 234 234 210 219 292 342 -9 -9 159 175
HOL_04 21 1 183 189 187 187 284 284 170 182 234 237 204 219 288 302 -9 -9 165 165
HOL_05 21 1 183 189 190 190 284 287 170 182 237 237 213 216 284 292 -9 -9 159 159
HOL_06 21 1 183 189 187 190 284 284 170 170 234 237 204 213 336 340 -9 -9 175 175
HOL_07 21 1 183 183 187 190 284 284 170 176 234 237 216 216 282 338 -9 -9 159 175
HOL_08 21 1 183 183 187 190 284 284 176 182 234 234 204 216 278 288 -9 -9 151 169
HOL_09 21 1 183 183 187 190 284 284 176 182 234 234 204 216 282 338 -9 -9 -9 -9
HPC_01 22 1 195 198 190 190 284 284 170 173 183 237 216 219 -9 -9 -9 -9 -9 -9
HPC_02 22 1 183 183 190 190 284 284 173 173 222 237 216 216 282 282 -9 -9 169 169
HPC_03 22 1 183 189 190 190 284 284 173 173 183 222 216 216 282 342 -9 -9 -9 -9
HPC_04 22 1 183 183 190 190 284 287 170 173 222 237 216 216 282 342 -9 -9 -9 -9
HPC_05 22 1 183 183 190 190 284 287 170 173 222 237 216 216 284 290 -9 -9 -9 -9
HPC_06 22 1 183 189 187 190 284 284 170 173 183 237 204 216 282 282 -9 -9 169 169
HPC_07 22 1 183 183 190 190 284 284 173 176 183 222 216 216 284 290 -9 -9 -9 -9
HPC_08 22 1 183 195 187 190 284 284 173 176 222 222 213 219 288 304 -9 -9 151 169
HPC_09 22 1 183 183 187 190 284 284 173 173 222 237 216 216 282 282 -9 -9 169 169
HPC_10 22 1 198 201 187 190 284 284 173 176 222 237 204 210 284 288 -9 -9 169 169
HPC_11 22 1 183 201 187 190 284 284 173 176 234 237 204 210 284 284 -9 -9 151 151
HPC_12 22 1 183 189 187 190 284 284 170 170 234 237 204 216 -9 -9 -9 -9 -9 -9
HPC_13 22 1 -9 -9 -9 -9 -9 -9 -9 -9 -9 -9 204 216 282 288 -9 -9 151 163
HPC_14 22 1 183 183 190 190 284 284 173 176 183 237 204 216 282 282 -9 -9 151 165
HPC_15 22 1 183 189 190 190 284 284 173 176 183 183 213 213 -9 -9 -9 -9 -9 -9
KAN_04 23 1 192 198 187 187 284 284 170 173 183 183 204 210 278 336 114 126 167 167
KAN_06 23 1 198 198 187 187 284 284 179 185 183 240 216 216 284 316 126 130 163 167
KAN_10 23 1 189 198 187 190 284 284 176 185 234 240 204 204 284 316 128 128 163 167
KAN_11 23 1 198 198 187 187 284 284 173 179 183 183 210 216 298 316 126 126 163 163
KAN_14 23 1 198 201 187 187 284 284 170 182 183 234 210 210 282 284 126 126 163 163
KAN_25 23 1 183 198 187 187 284 284 173 182 183 228 210 210 282 288 126 132 163 171
KAN_36 23 1 183 201 187 190 284 284 182 182 183 228 210 210 286 296 128 128 161 167
KAN_37 23 1 183 189 190 190 284 284 173 176 234 234 204 216 284 302 128 128 163 167
KAN_39 23 1 198 198 -9 -9 -9 -9 -9 -9 -9 -9 -9 -9 278 298 128 128 167 171
KAN_41 23 1 183 201 187 190 284 284 176 182 183 216 210 213 -9 -9 128 128 161 165
KNX_01 24 1 195 195 187 187 287 339 173 182 228 234 210 219 286 286 126 126 -9 -9
KNX_12 24 1 183 189 187 187 284 347 170 176 228 228 216 219 284 284 -9 -9 163 163
KNX_16 24 1 183 183 187 190 278 284 170 176 240 240 210 216 284 324 128 136 161 161
LAW_01 25 1 189 189 -9 -9 284 284 -9 -9 222 234 -9 -9 284 284 -9 -9 -9 -9
LAW_02 25 1 183 189 187 187 284 284 170 173 222 234 204 213 284 284 -9 -9 167 167
LAW_03 25 1 183 189 187 187 284 284 173 173 222 234 204 213 284 286 -9 -9 167 167
LAW_04 25 1 183 183 187 187 284 284 170 173 231 234 204 216 284 286 -9 -9 167 167
LAW_05 25 1 183 183 187 187 284 284 -9 -9 234 237 204 216 286 292 -9 -9 159 167
LAW_06 25 1 183 189 187 187 284 284 173 173 222 234 213 216 284 352 -9 -9 167 167
LAW_07 25 1 183 189 187 187 284 284 173 173 222 234 204 216 284 352 -9 -9 163 167
LAW_08 25 1 189 189 187 187 284 284 173 173 222 234 216 216 286 338 -9 -9 163 167
LAW_09 25 1 183 189 187 187 284 284 173 173 222 231 213 216 284 352 -9 -9 167 167
LAW_10 25 1 183 189 187 187 284 284 173 173 231 234 204 216 286 352 -9 -9 163 167
LAW_11 25 1 183 189 187 187 284 284 173 173 222 231 204 216 284 352 -9 -9 165 167
LAW_12 25 1 183 195 187 190 284 290 170 176 234 237 204 213 286 304 -9 -9 151 167
LCC_01 26 1 183 198 187 187 324 330 -9 -9 183 183 216 216 286 286 126 132 -9 -9
LCC_02 26 1 183 198 187 187 324 330 173 191 183 216 213 216 286 286 126 132 -9 -9
LCC_03 26 1 198 198 187 187 324 339 170 176 183 222 213 216 282 338 132 132 -9 -9
LCC_04 26 1 198 198 -9 -9 321 324 -9 -9 183 216 -9 -9 -9 -9 -9 -9 -9 -9
LCC_05 26 1 -9 -9 -9 -9 -9 -9 -9 -9 183 216 -9 -9 -9 -9 -9 -9 -9 -9
LCC_06 26 1 189 198 187 187 321 324 176 176 183 216 216 216 290 338 126 132 -9 -9
LCC_07 26 1 -9 -9 187 187 281 281 -9 -9 183 183 213 216 -9 -9 -9 -9 -9 -9
LCC_08 26 1 183 183 187 187 -9 -9 -9 -9 183 183 216 216 338 338 124 132 -9 -9
LCC_09 26 1 189 189 187 190 -9 -9 176 191 183 183 216 216 338 338 -9 -9 -9 -9
LCC_10 26 1 189 189 187 187 281 321 170 176 -9 -9 216 216 338 338 124 128 -9 -9
LCC_11 26 1 189 189 187 187 284 321 170 191 225 237 213 216 338 338 128 128 -9 -9
LCC_12 26 1 189 189 -9 -9 324 324 -9 -9 216 216 -9 -9 338 338 -9 -9 -9 -9
LCC_13 26 1 -9 -9 187 187 -9 -9 173 176 -9 -9 216 216 -9 -9 -9 -9 -9 -9
LCC_14 26 1 -9 -9 -9 -9 -9 -9 -9 -9 183 216 -9 -9 -9 -9 -9 -9 -9 -9
LCC_15 26 1 183 189 187 190 311 324 -9 -9 183 216 -9 -9 -9 -9 114 124 -9 -9
LCC_16 26 1 189 189 187 190 281 321 170 170 183 237 213 216 290 338 126 134 -9 -9
LCC_17 26 1 189 201 -9 -9 281 281 -9 -9 183 216 -9 -9 -9 -9 -9 -9 -9 -9
LCC_18 26 1 -9 -9 190 190 281 281 173 173 183 216 216 216 290 290 124 130 -9 -9
LCC_19 26 1 189 189 187 190 284 284 170 191 183 225 213 213 338 338 124 134 -9 -9
LCC_20 26 1 -9 -9 -9 -9 -9 -9 -9 -9 216 216 -9 -9 -9 -9 -9 -9 -9 -9
LCC_21 26 1 189 198 187 190 281 284 176 191 183 183 213 213 290 290 126 130 -9 -9
LCC_22 26 1 183 189 187 187 324 327 170 176 183 237 201 213 292 338 128 132 -9 -9
LCC_23 26 1 189 189 187 190 -9 -9 176 191 183 183 213 213 -9 -9 126 126 -9 -9
LEE_01 27 1 183 201 187 187 284 284 173 182 183 237 216 222 290 340 126 132 155 175
LEE_05 27 1 183 201 187 190 284 284 170 170 219 237 213 213 278 278 120 134 163 173
LEE_08 27 1 183 192 190 190 287 287 170 179 222 237 210 210 336 336 114 114 167 167
LEE_09 27 1 183 189 187 187 284 284 158 173 234 237 210 210 360 360 126 128 167 167
LEE_10 27 1 183 201 187 190 287 287 170 170 222 231 210 216 286 294 120 126 151 167
LEE_12 27 1 189 201 187 190 287 287 170 170 234 237 210 213 286 348 114 128 165 165
LEE_13 27 1 183 189 187 190 284 284 176 176 237 240 204 210 348 360 126 134 167 175
LEE_16 27 1 183 189 187 187 287 287 170 173 237 237 213 213 -9 -9 128 132 163 167
LEE_17 27 1 183 201 187 187 287 287 170 173 237 237 210 216 280 280 126 134 151 167
LEE_22 27 1 -9 -9 187 190 284 284 176 176 237 237 213 216 278 336 126 130 165 175
LEE_23 27 1 183 189 190 190 284 287 -9 -9 228 237 -9 -9 282 282 126 138 175 175
LEE_24 27 1 183 189 187 190 284 284 170 182 234 234 216 216 286 340 114 128 157 171
LHP_01 28 1 183 189 187 187 278 293 173 176 228 234 204 210 284 284 126 126 159 165
LHP_02 28 1 183 183 187 190 278 284 176 179 183 183 204 204 284 286 126 126 159 175
LHP_03 28 1 183 183 187 190 278 284 176 179 183 234 204 204 284 286 126 126 159 175
LHP_08 28 1 183 183 187 190 278 284 176 179 183 234 204 204 284 284 126 126 159 175
LIL_01 29 1 189 198 187 187 -9 -9 176 176 183 183 204 216 286 286 126 136 -9 -9
LIL_02 29 1 189 198 -9 -9 324 324 -9 -9 183 183 -9 -9 286 286 126 136 -9 -9
LIL_03 29 1 183 189 190 190 284 305 176 191 183 216 210 216 270 294 126 126 -9 -9
LIL_04 29 1 183 189 187 187 321 324 161 176 216 216 204 204 288 288 126 126 -9 -9
LIL_05 29 1 183 189 -9 -9 284 284 -9 -9 216 216 -9 -9 270 286 -9 -9 -9 -9
LIL_06 29 1 183 189 187 190 281 281 170 179 216 216 210 222 270 286 130 130 -9 -9
LIL_07 29 1 189 189 187 190 284 324 -9 -9 183 216 210 210 -9 -9 126 130 -9 -9
LIL_08 29 1 189 189 187 187 -9 -9 -9 -9 183 183 -9 -9 -9 -9 126 126 -9 -9
LIL_09 29 1 183 189 190 190 284 284 -9 -9 183 183 -9 -9 -9 -9 -9 -9 -9 -9
LIL_10 29 1 -9 -9 187 187 -9 -9 173 176 -9 -9 210 210 270 296 114 126 -9 -9
LIL_11 29 1 189 189 187 190 284 284 -9 -9 183 183 204 210 -9 -9 126 126 -9 -9
LIL_12 29 1 189 189 190 190 281 324 173 176 183 183 204 210 286 290 126 130 -9 -9
LIL_13 29 1 183 189 187 190 284 284 -9 -9 183 183 210 213 270 286 126 130 -9 -9
LIL_14 29 1 189 189 190 190 311 339 173 176 183 240 210 216 338 338 122 128 -9 -9
LIL_15 29 1 183 189 190 190 281 324 179 182 183 240 210 210 338 338 126 134 -9 -9
LIL_16 29 1 183 189 187 187 281 324 176 182 183 216 204 210 288 288 126 126 -9 -9
LIL_17 29 1 198 198 -9 -9 281 324 -9 -9 183 216 -9 -9 -9 -9 124 130 -9 -9
LIL_18 29 1 183 198 187 187 284 324 -9 -9 183 183 204 210 286 286 126 126 -9 -9
LIL_19 29 1 189 198 187 190 281 324 170 176 216 216 216 216 -9 -9 126 126 -9 -9
LIL_20 29 1 189 189 187 187 284 284 161 173 183 183 213 216 -9 -9 130 130 -9 -9
LIL_21 29 1 189 189 187 187 311 311 -9 -9 183 222 213 213 270 330 126 130 -9 -9
LIL_22 29 1 189 189 187 187 311 311 176 191 183 222 213 213 270 270 126 130 -9 -9
LIL_23 29 1 189 189 187 187 311 311 176 191 183 222 213 213 270 270 126 130 -9 -9
LIL_24 29 1 189 189 187 187 324 324 176 176 183 216 204 210 286 286 126 126 -9 -9
LL1_01 30 1 183 189 187 187 284 284 170 173 183 237 210 216 334 334 126 134 171 171
LL2_01 31 1 198 201 187 187 284 284 170 173 183 231 204 222 290 316 122 126 151 175
LL2_06 31 1 189 198 187 187 284 284 170 176 183 228 210 216 272 340 114 130 167 167
LL2_08 31 1 189 189 187 187 284 284 170 176 183 237 210 213 336 340 114 130 167 167
LL2_17 31 1 183 198 187 187 284 284 173 179 231 234 204 204 282 336 122 130 151 159
LL2_20 31 1 183 198 187 187 284 284 173 173 231 234 204 213 282 336 132 132 167 167
LL2_24 31 1 -9 -9 187 187 -9 -9 173 179 -9 -9 204 204 282 288 122 130 151 159
LL2_25 31 1 -9 -9 187 187 284 284 176 179 231 234 204 216 -9 -9 128 128 153 153
LL3_01 32 1 189 195 187 187 284 284 179 179 183 240 198 204 344 356 124 128 -9 -9
LL3_02 32 1 189 195 187 187 284 284 173 173 183 231 210 210 282 288 124 124 -9 -9
LL3_03 32 1 189 189 187 187 284 284 170 170 183 237 213 216 298 344 126 132 175 175
LL3_04 32 1 189 189 187 187 284 284 173 179 183 240 210 222 282 344 128 128 175 175
LL3_05 32 1 189 189 187 187 284 284 173 173 183 231 213 213 292 336 128 128 151 175
LL3_06 32 1 189 189 187 187 -9 -9 170 173 -9 -9 213 213 344 344 132 132 -9 -9
LL3_07 32 1 189 195 187 187 284 284 173 176 234 237 210 222 282 344 128 128 175 175
LL3_08 32 1 189 189 187 187 284 284 158 179 219 237 213 213 338 362 128 132 -9 -9
LL3_09 32 1 189 189 187 187 284 284 173 176 231 234 210 213 292 344 128 128 175 175
LL3_10 32 1 189 189 187 187 284 284 179 182 219 231 204 204 352 352 122 128 -9 -9
LL3_11 32 1 -9 -9 187 187 284 284 173 179 222 240 204 204 342 342 122 130 -9 -9
LL3_12 32 1 183 195 187 187 284 284 173 173 231 237 213 213 288 352 128 132 -9 -9
LL3_13 32 1 189 198 187 187 284 284 170 170 183 234 204 216 292 354 128 132 159 171
LL3_14 32 1 183 195 187 187 284 284 -9 -9 183 231 198 204 292 336 122 128 -9 -9
LL3_15 32 1 189 189 187 187 284 284 173 173 183 183 198 210 340 344 128 130 -9 -9
LL3_16 32 1 189 195 187 187 284 284 176 179 183 234 204 213 336 336 126 132 173 179
LL3_17 32 1 189 189 187 187 284 284 170 173 231 231 213 216 336 340 130 132 159 159
LL3_18 32 1 195 198 187 187 284 284 173 173 234 240 204 213 282 340 128 130 171 171
LL3_19 32 1 189 198 187 187 284 284 170 173 234 237 204 204 292 362 128 130 -9 -9
LL3_20 32 1 183 189 187 187 284 284 173 173 183 231 204 216 336 344 130 132 -9 -9
LL3_21 32 1 -9 -9 187 187 284 284 179 179 183 240 198 216 336 344 128 128 -9 -9
LL3_22 32 1 183 189 187 187 284 284 179 188 234 240 222 222 282 340 128 132 -9 -9
LL3_23 32 1 183 189 187 187 284 284 170 179 183 222 204 213 282 282 128 132 -9 -9
LL3_24 32 1 195 198 187 187 284 284 179 188 234 240 204 204 282 340 122 128 173 173
LOC_01 33 1 183 183 187 187 284 284 173 173 234 237 204 204 284 288 126 126 151 151
LOC_18 33 1 183 189 187 187 284 284 170 173 234 237 213 213 284 284 126 126 -9 -9
LOC_20 33 1 183 189 187 187 284 284 173 173 231 237 210 210 -9 -9 126 126 151 151
MAN_01 34 1 183 189 187 187 287 287 170 176 183 183 216 216 -9 -9 122 126 -9 -9
MLK_01 35 1 183 189 187 190 284 284 170 176 231 237 204 210 314 342 -9 -9 137 137
MLK_07 35 1 183 189 187 187 284 284 158 176 183 237 204 216 286 314 -9 -9 -9 -9
MS10 36 1 195 201 187 190 284 284 170 176 222 231 204 213 -9 -9 122 128 151 169
MS100 36 1 195 201 187 190 284 284 170 176 222 222 204 213 282 282 122 134 151 169
MS107 36 1 195 201 187 190 -9 -9 170 170 222 222 -9 -9 -9 -9 -9 -9 -9 -9
MS108 36 1 195 201 187 190 284 284 170 185 222 222 204 213 282 282 122 134 151 169
MS20 37 1 198 201 187 187 284 302 170 185 228 234 210 210 296 342 124 124 151 159
MWR_01 38 1 183 198 187 190 284 284 158 179 234 237 216 216 282 302 -9 -9 -9 -9
MWR_02 38 1 183 195 187 187 284 284 170 173 183 228 204 213 302 338 -9 -9 155 155
MWR_03 38 1 189 195 187 187 284 284 170 173 225 231 213 216 288 302 -9 -9 173 173
MWR_04 38 1 189 195 187 187 284 284 170 173 225 228 213 213 288 302 -9 -9 173 173
MWR_06 38 1 189 195 187 187 284 284 170 173 225 228 213 213 288 364 -9 -9 173 173
MWR_08 38 1 183 195 187 187 284 284 170 179 228 234 213 222 288 364 -9 -9 175 175
MWR_09 38 1 183 195 187 187 284 284 170 179 228 234 213 222 288 364 -9 -9 173 173
MWR_12 38 1 183 195 187 187 284 284 170 179 228 234 213 222 288 302 -9 -9 173 173
MWR_15 38 1 195 201 187 187 284 284 170 185 183 228 210 213 288 302 -9 -9 173 173
MWR_18 38 1 183 195 187 187 284 284 170 179 228 234 213 222 288 360 -9 -9 173 173
MWR_19 38 1 183 195 187 187 284 284 170 179 228 234 213 222 278 286 -9 -9 161 161
MWR_20 38 1 183 195 187 187 284 284 170 179 228 234 213 222 288 360 -9 -9 173 173
MWR_21 38 1 195 198 187 187 284 284 170 176 231 237 216 222 288 288 -9 -9 173 173
MWR_23 38 1 183 195 187 187 284 284 179 179 222 234 204 213 288 360 -9 -9 173 173
NAG_14 39 1 183 183 190 190 284 284 -9 -9 183 237 204 216 334 342 128 128 161 169
NAG_21 39 1 183 189 187 190 339 339 -9 -9 183 183 216 219 340 340 128 128 163 167
NAG_22 39 1 183 189 190 190 284 284 -9 -9 237 237 210 210 -9 -9 128 128 -9 -9
OFR_01 40 1 195 195 187 187 284 284 158 176 237 240 213 213 326 356 126 130 -9 -9
OFR_06 40 1 183 198 187 190 284 284 170 176 219 234 213 216 296 334 126 134 -9 -9
OFR_08 40 1 183 189 187 187 284 284 173 182 228 237 216 216 360 360 126 126 -9 -9
OFR_09 40 1 198 198 187 190 284 284 170 173 -9 -9 213 216 -9 -9 124 130 -9 -9
OFR_10 40 1 189 195 187 187 284 284 176 182 219 237 210 213 316 316 122 130 -9 -9
OFR_17 40 1 183 195 187 187 284 284 158 170 234 237 204 213 284 360 114 130 -9 -9
OFR_24 40 1 195 195 187 187 284 284 158 176 237 240 213 213 326 356 126 130 -9 -9
PCB_06 41 1 183 183 187 187 321 324 173 179 183 183 216 216 340 340 122 122 169 169
PCB_12 41 1 183 186 187 187 324 324 173 179 183 183 216 219 340 340 122 122 169 169
PCB_29 41 1 183 186 187 187 321 321 173 173 183 183 210 219 340 340 122 122 -9 -9
PCB_32 41 1 183 183 187 187 318 321 161 173 183 183 210 219 340 340 122 122 167 167
PCB_33 41 1 183 183 187 187 321 324 161 170 183 234 207 216 340 340 122 124 167 167
PCB_36 41 1 183 183 187 187 321 324 173 179 183 183 216 219 340 346 122 126 169 169
PCB_37 41 1 183 183 187 187 321 324 173 179 183 183 216 219 340 346 122 126 169 169
PCB_38 41 1 183 183 187 187 321 324 173 179 183 183 216 219 340 346 122 126 169 169
PCB_39 41 1 183 183 187 187 321 324 161 179 183 183 210 219 340 344 122 134 -9 -9
PCB_42 41 1 183 183 187 187 321 321 161 179 183 183 210 216 332 346 122 126 -9 -9
PCB_43 41 1 183 183 187 187 321 321 173 173 183 183 210 216 340 340 122 124 -9 -9
PCB_45 41 1 183 183 187 187 321 321 161 191 183 183 216 216 338 338 126 130 -9 -9
PCB_47 41 1 183 183 187 187 321 321 161 173 183 183 210 216 340 340 122 126 -9 -9
PCB_48 41 1 183 183 187 187 321 324 161 173 183 183 210 216 340 340 122 126 167 167
PER_01 42 1 183 183 187 190 284 284 176 182 231 231 210 216 292 292 122 130 165 165
PER_34 42 1 183 198 190 190 284 324 173 176 183 234 210 213 282 336 128 128 171 171
PER_40 42 1 195 201 187 190 284 284 170 173 183 237 204 204 284 304 126 132 161 173
PER_46 42 1 183 189 190 190 284 284 176 182 183 234 216 216 282 282 122 134 167 167
PIA_01 43 1 189 195 187 187 284 284 170 170 183 234 213 216 358 358 122 126 193 193
PMQ_01 44 1 183 198 187 190 284 287 158 170 234 234 222 222 284 288 126 128 151 151
PMQ_17 44 1 183 183 187 190 284 284 158 173 234 234 222 222 288 340 114 128 -9 -9
PMQ_37 44 1 183 183 187 190 284 284 158 173 231 234 213 222 282 284 126 126 151 151
PMQ_60 44 1 183 198 187 187 284 284 170 176 231 234 210 222 284 326 122 126 151 151
PWP_01 45 1 183 201 187 190 284 284 170 182 183 240 213 213 296 338 114 126 163 163
PWP_03 45 1 183 189 190 190 284 284 170 182 183 183 216 216 316 344 126 128 -9 -9
PWP_04 45 1 183 189 187 190 284 284 170 173 183 240 216 216 284 338 126 128 171 179
PWP_05 45 1 183 189 187 187 284 287 170 176 228 240 213 216 282 282 -9 -9 -9 -9
PWP_06 45 1 183 189 187 187 284 287 170 182 234 234 210 213 -9 -9 -9 -9 -9 -9
PWP_08 45 1 189 189 187 187 -9 -9 170 170 183 228 213 213 284 284 126 130 169 169
PWP_10 45 1 189 189 187 187 284 339 170 170 183 228 213 213 284 284 126 130 169 169
PWP_11 45 1 183 198 187 190 284 287 179 182 183 183 216 216 284 290 130 130 169 169
PWP_14 45 1 183 183 187 187 281 339 170 173 183 234 213 216 336 338 124 130 163 163
PWP_15 45 1 183 189 190 190 287 287 182 182 183 228 210 216 282 298 128 128 163 179
PWP_16 45 1 183 183 187 187 284 284 170 182 183 183 213 213 284 288 122 126 161 161
PWP_17 45 1 183 183 187 190 284 284 176 182 183 234 216 216 290 290 128 132 173 173
PWP_19 45 1 183 189 190 190 287 287 173 182 183 234 210 216 -9 -9 -9 -9 -9 -9
PWP_20 45 1 189 198 190 190 284 287 173 182 183 234 213 213 290 290 128 128 -9 -9
PWP_22 45 1 183 189 190 190 284 287 170 182 183 183 213 216 286 286 128 128 173 179
PWP_23 45 1 183 189 187 190 284 287 170 182 183 240 210 210 -9 -9 -9 -9 167 167
PWP_24 45 1 189 189 190 190 287 287 173 182 183 228 216 216 -9 -9 128 132 171 171
PWP_27 45 1 183 189 187 190 284 -9 -9 182 228 228 216 216 288 288 128 128 -9 -9
PWP_28 45 1 189 189 187 190 284 287 170 182 234 240 210 213 284 336 124 124 171 177
PWP_31 45 1 183 189 187 190 284 321 170 182 183 237 201 210 284 332 128 132 163 183
PWP_32 45 1 189 189 187 190 284 284 170 173 183 228 -9 -9 -9 -9 -9 -9 -9 -9
PWP_33 45 1 183 189 187 190 284 284 170 182 183 237 201 210 -9 -9 -9 -9 -9 -9
PWP_34 45 1 183 198 187 190 284 284 170 173 183 228 216 216 -9 -9 128 128 169 169
PWP_35 45 1 189 189 187 187 284 284 182 182 183 183 216 216 -9 -9 -9 -9 -9 -9
PWP_38 45 1 183 183 187 187 339 339 170 173 183 234 213 216 336 338 124 130 163 163
PWP_39 45 1 189 192 187 190 284 284 170 182 183 234 210 213 290 290 126 126 -9 -9
PWP_46 45 1 183 189 190 190 284 284 170 182 183 183 216 219 290 290 128 128 173 173
RCA_01 46 1 183 189 187 190 -9 -9 173 182 234 237 213 213 282 316 126 134 -9 -9
RCA_02 46 1 183 198 187 187 284 287 -9 -9 228 240 -9 -9 288 288 130 132 173 173
RCA_04 46 1 183 198 187 187 284 287 176 179 183 228 213 213 282 336 114 130 171 171
RCA_05 46 1 189 195 187 187 287 287 170 176 228 234 213 213 282 282 114 134 -9 -9
RCA_06 46 1 198 198 190 190 287 287 173 176 228 228 213 216 282 282 132 134 165 171
RCA_08 46 1 189 192 187 187 287 287 182 182 183 228 -9 -9 336 336 114 124 -9 -9
RCA_10 46 1 183 189 187 187 287 287 173 173 183 228 -9 -9 282 286 126 126 163 163
RCA_11 46 1 189 189 187 187 287 287 173 182 222 228 216 216 286 350 114 126 163 163
RCA_12 46 1 183 198 187 187 287 287 170 176 183 228 213 213 336 336 130 132 173 173
RCA_13 46 1 189 195 187 190 284 284 182 182 216 228 -9 -9 284 284 114 122 -9 -9
RCA_15 46 1 183 189 -9 -9 284 284 167 173 228 240 213 213 294 350 114 114 161 171
RCA_16 46 1 183 183 187 187 284 284 170 170 216 228 -9 -9 332 338 114 134 171 171
RCA_17 46 1 183 189 187 187 284 287 170 182 183 183 216 216 288 288 132 134 161 169
RCA_18 46 1 183 198 187 187 284 287 -9 -9 183 228 -9 -9 284 284 114 134 161 161
RCA_20 46 1 183 183 187 187 287 287 -9 -9 183 228 -9 -9 288 332 130 132 169 181
RCA_21 46 1 183 183 187 187 287 287 170 173 183 183 216 216 288 296 132 134 169 169
RL_010 47 1 -9 -9 -9 -9 284 287 170 188 231 240 210 213 332 336 -9 -9 -9 -9
RL_02-2 47 1 -9 -9 -9 -9 284 287 -9 -9 183 231 210 216 336 336 -9 -9 -9 -9
RL_040 47 1 -9 -9 -9 -9 284 284 173 176 234 237 210 216 278 336 -9 -9 -9 -9
RL_05-2 47 1 -9 -9 -9 -9 287 287 170 179 231 237 213 216 284 336 -9 -9 -9 -9
RL_13 47 1 183 198 187 190 284 284 176 176 183 240 210 210 332 336 126 128 169 179
RL_14 47 1 183 192 187 190 284 284 173 182 216 237 210 216 280 282 122 126 169 175
RL_15 47 1 -9 -9 187 187 284 284 164 179 222 237 213 213 298 340 126 126 175 191
RL_18 47 1 -9 -9 -9 -9 284 284 179 182 222 234 204 213 338 338 -9 -9 175 175
RL_19 47 1 -9 -9 -9 -9 284 284 173 173 183 237 213 216 340 340 -9 -9 169 169
RL_22 47 1 183 189 187 187 284 284 179 182 222 234 204 213 338 338 126 134 175 175
ROC_01 48 1 183 183 187 187 284 284 173 173 234 237 210 213 282 336 126 134 151 173
SAL_01 49 1 189 189 187 187 281 284 170 173 183 234 216 216 338 342 114 126 153 163
SAL_02 49 1 189 189 187 190 281 339 173 173 183 183 219 219 292 342 126 126 153 153
SAL_03 49 1 189 189 187 187 281 281 173 173 183 216 222 222 298 342 114 126 -9 -9
SAL_04 49 1 183 189 187 187 281 311 173 173 216 237 213 216 292 292 126 128 163 163
SAL_05 49 1 183 195 187 190 287 287 170 173 183 183 213 213 -9 -9 126 126 159 159
SAL_06 49 1 183 189 187 187 281 281 173 176 183 228 213 213 336 336 114 126 163 167
SAL_07 49 1 192 192 -9 -9 284 287 -9 -9 -9 -9 -9 -9 336 336 114 126 163 167
SAL_08 49 1 183 195 187 187 284 284 173 176 183 228 213 213 288 288 114 126 163 163
SAL_09 49 1 183 189 187 187 281 284 173 176 183 228 213 216 284 316 126 128 -9 -9
SAL_10 49 1 183 189 187 190 281 281 173 176 183 228 213 219 -9 -9 114 126 -9 -9
SAL_11 49 1 189 189 187 190 281 281 173 191 183 183 213 219 292 292 114 126 -9 -9
SAL_12 49 1 183 183 187 187 284 324 170 173 183 183 213 216 284 290 126 126 161 167
SAL_13 49 1 183 189 187 190 284 324 170 173 183 183 216 216 316 336 126 126 163 163
SAL_14 49 1 183 198 187 187 281 284 176 191 183 216 213 216 284 336 126 128 161 161
SAN_21 50 1 183 183 187 190 284 287 173 179 222 228 204 213 310 342 116 128 185 185
SFP_01 51 1 198 198 187 187 284 284 170 173 222 231 213 213 336 336 134 134 161 161
SFP_11 51 1 189 198 187 187 284 287 170 176 234 234 210 213 336 336 126 130 -9 -9
SFP_13 51 1 183 183 187 190 287 287 173 173 222 222 210 210 336 338 126 130 161 161
SFP_15 51 1 198 198 187 187 284 287 173 173 222 222 210 216 282 336 130 130 161 165
SFP_16 51 1 183 189 187 187 284 287 173 173 213 231 210 210 282 336 130 134 -9 -9
SFP_21 51 1 198 198 187 187 284 287 173 173 222 231 210 213 304 336 134 134 161 161
SFP_24 51 1 183 189 187 190 287 287 170 173 231 231 210 210 336 340 130 134 -9 -9
SHE_01 52 1 195 195 187 187 281 284 176 176 225 225 204 216 290 350 124 126 -9 -9
SHE_16 52 1 195 195 187 187 -9 -9 161 161 -9 -9 204 219 338 358 124 124 165 165
SHE_19 52 1 183 195 187 187 -9 -9 173 173 225 225 213 219 338 358 122 124 165 165
SHE_23 52 1 183 195 187 190 -9 -9 176 176 225 225 210 219 290 336 122 124 165 165
SHE_24 52 1 183 183 187 190 -9 -9 176 191 216 216 219 219 290 358 122 124 -9 -9
SHO_01 53 1 183 192 -9 -9 284 284 -9 -9 222 234 -9 -9 -9 -9 132 138 -9 -9
SHO_02 53 1 183 183 -9 -9 284 284 -9 -9 183 183 -9 -9 278 340 126 126 163 167
SHO_03 53 1 183 189 187 187 284 284 176 179 183 234 216 219 278 340 126 132 -9 -9
SHO_04 53 1 183 198 187 187 284 284 179 182 183 234 210 216 294 340 122 124 149 167
SHO_06 53 1 183 189 -9 -9 284 284 -9 -9 183 234 -9 -9 296 336 126 134 171 171
SHO_07 53 1 183 192 -9 -9 284 284 176 176 183 228 210 216 292 296 128 134 147 183
SHO_09 53 1 189 198 187 187 284 284 170 173 183 228 210 216 296 340 126 132 -9 -9
SHO_10 53 1 189 198 187 187 284 284 170 173 183 183 210 216 336 340 134 138 -9 -9
SHO_11 53 1 189 198 187 187 284 284 170 173 183 183 210 210 336 340 122 132 163 185
SHO_12 53 1 183 195 187 187 284 284 176 176 183 228 216 216 298 298 126 126 167 167
SHO_14 53 1 189 198 187 187 284 284 173 179 183 234 213 216 278 290 126 130 167 167
SHO_15 53 1 183 183 187 187 284 284 173 179 183 234 216 216 282 290 126 130 161 161
SHO_16 53 1 189 198 187 187 284 284 173 179 183 234 213 216 278 290 126 130 167 167
SHO_17 53 1 189 198 -9 -9 284 284 -9 -9 183 234 -9 -9 278 290 126 130 167 167
SHO_23 53 1 189 201 187 187 284 284 173 182 183 183 216 216 296 340 126 126 -9 -9
SHO_24 53 1 198 201 187 190 284 284 176 182 183 234 210 216 316 332 122 124 -9 -9
STO_01 54 1 189 189 -9 -9 281 321 -9 -9 183 183 210 210 284 288 126 126 -9 -9
STO_06 54 1 183 183 187 187 281 311 161 179 183 240 204 216 -9 -9 130 130 -9 -9
STO_07 54 1 183 189 -9 -9 305 311 -9 -9 183 183 -9 -9 -9 -9 126 130 -9 -9
STO_08 54 1 183 189 190 190 284 284 173 173 228 240 210 216 282 288 126 126 -9 -9
STO_10 54 1 183 189 190 190 281 305 161 170 183 183 210 213 288 288 126 126 -9 -9
SUS_01 55 1 183 189 190 190 284 284 170 173 228 234 210 210 282 360 124 126 -9 -9
SUS_04 55 1 183 192 190 190 284 284 170 176 228 240 210 216 282 288 126 128 161 161
SUS_10 55 1 183 198 187 187 284 284 173 173 228 234 213 216 288 296 128 134 167 167
SUS_11 55 1 183 183 187 187 284 284 176 176 228 237 210 216 282 298 126 126 147 151
SUS_14 55 1 183 183 187 190 284 284 173 182 228 231 -9 -9 282 284 128 134 151 163
SUS_16 55 1 183 189 190 190 284 284 170 173 228 237 -9 -9 282 360 124 126 -9 -9
SUS_24 55 1 183 198 187 190 287 287 182 182 183 228 216 216 288 298 128 130 151 163
SUS_28 55 1 183 183 187 187 284 284 176 176 228 237 216 216 282 298 126 128 151 163
TAL_01 56 1 183 198 187 187 281 324 161 173 -9 -9 216 219 296 338 124 126 169 169
TAL_08 56 1 195 198 187 187 287 287 176 191 216 216 210 219 338 346 126 128 -9 -9
TAL_24 56 1 183 195 187 190 324 324 161 173 216 216 213 219 338 338 126 126 161 169
TER_01 57 1 189 198 -9 -9 -9 -9 -9 -9 216 231 -9 -9 280 292 124 124 -9 -9
TER_02 57 1 189 198 -9 -9 -9 -9 -9 -9 216 231 -9 -9 -9 -9 -9 -9 -9 -9
TER_03 57 1 189 198 -9 -9 -9 -9 -9 -9 216 216 -9 -9 -9 -9 -9 -9 -9 -9
TER_04 57 1 189 198 187 187 -9 -9 -9 -9 -9 -9 -9 -9 280 292 -9 -9 -9 -9
TER_05 57 1 189 198 187 187 324 324 161 176 216 231 198 210 280 292 124 124 -9 -9
TER_06 57 1 198 198 -9 -9 -9 -9 -9 -9 216 231 -9 -9 -9 -9 -9 -9 -9 -9
TER_07 57 1 189 198 187 187 324 330 176 191 183 216 213 216 338 338 130 130 -9 -9
TER_08 57 1 189 198 -9 -9 -9 -9 -9 -9 183 216 -9 -9 -9 -9 -9 -9 -9 -9
TER_09 57 1 189 198 187 187 324 330 176 191 216 216 210 216 292 292 124 128 -9 -9
TER_10 57 1 189 198 190 190 311 324 176 191 216 231 210 210 -9 -9 -9 -9 -9 -9
TER_11 57 1 198 201 -9 -9 327 327 176 176 216 216 210 216 286 286 130 134 -9 -9
TER_12 57 1 183 198 187 187 324 324 161 161 183 231 210 213 -9 -9 124 134 -9 -9
TER_13 57 1 183 198 190 190 -9 -9 -9 -9 183 183 -9 -9 -9 -9 -9 -9 -9 -9
TER_14 57 1 192 198 -9 -9 311 327 -9 -9 216 234 -9 -9 -9 -9 -9 -9 -9 -9
TER_15 57 1 192 192 187 190 324 324 176 176 216 216 -9 -9 -9 -9 -9 -9 -9 -9
TER_16 57 1 189 192 187 187 284 327 176 176 216 216 210 216 286 292 126 130 -9 -9
TER_17 57 1 189 189 187 187 287 311 176 191 216 216 210 216 284 284 124 130 -9 -9
TER_18 57 1 189 198 187 190 287 287 176 191 216 216 210 216 284 284 118 130 -9 -9
TER_19 57 1 189 198 187 190 287 311 176 191 216 216 210 213 284 284 118 130 -9 -9
TER_20 57 1 189 189 187 187 287 287 191 191 216 231 204 210 284 288 124 124 -9 -9
TER_21 57 1 183 189 -9 -9 -9 -9 -9 -9 216 216 -9 -9 294 340 128 128 -9 -9
TER_22 57 1 183 189 187 187 324 327 170 179 216 216 204 216 294 340 128 128 -9 -9
TER_23 57 1 189 198 187 187 324 324 176 176 183 216 210 210 280 292 124 130 -9 -9
TER_24 57 1 192 201 -9 -9 -9 -9 -9 -9 183 216 -9 -9 280 280 -9 -9 -9 -9
TER_25 57 1 183 189 -9 -9 -9 -9 -9 -9 183 216 -9 -9 -9 -9 -9 -9 -9 -9
TER_26 57 1 183 189 -9 -9 324 330 -9 -9 183 216 -9 -9 286 286 124 134 -9 -9
TER_27 57 1 183 198 187 190 324 324 161 176 183 234 210 216 286 286 130 134 -9 -9
TYG_01 58 1 183 198 187 187 284 284 173 176 231 234 216 216 284 334 122 126 161 173
TYG_02 58 1 183 198 187 190 284 284 173 173 231 234 210 216 284 288 126 132 167 173
WBF_01 59 1 183 198 190 190 284 284 173 182 216 234 198 213 332 356 124 130 -9 -9
WBF_02 59 1 183 189 187 190 284 321 173 179 183 231 198 210 284 296 128 132 -9 -9
WBF_03 59 1 183 183 187 187 287 287 176 179 183 222 210 213 284 296 128 132 -9 -9
WBF_04 59 1 183 198 187 187 281 321 173 173 234 237 210 210 270 282 128 132 -9 -9
WBF_05 59 1 183 189 187 190 321 327 179 179 234 234 -9 -9 334 360 118 128 -9 -9
WBF_06 59 1 183 198 190 190 281 321 182 185 234 234 216 216 282 334 130 132 -9 -9
WBF_07 59 1 183 183 187 187 287 287 173 179 228 231 210 216 284 338 128 128 -9 -9
WBF_08 59 1 183 198 187 187 281 321 179 179 183 183 216 216 284 332 128 128 -9 -9
WBF_09 59 1 189 192 190 190 284 321 179 182 183 228 -9 -9 282 332 118 118 -9 -9
WBF_10 59 1 183 198 187 190 321 321 179 182 183 234 204 216 332 332 118 130 -9 -9
WBF_11 59 1 183 183 187 187 284 284 179 182 183 231 210 210 270 332 128 134 -9 -9
WBF_12 59 1 183 198 187 187 281 321 179 179 183 231 210 216 284 284 128 128 -9 -9
WBF_13 59 1 183 198 190 190 284 339 179 182 228 231 210 216 332 338 128 128 -9 -9
WBF_14 59 1 183 198 187 187 284 321 179 179 183 234 210 210 284 338 128 128 -9 -9
WBF_15 59 1 183 210 187 190 311 327 179 179 183 234 216 216 284 292 118 128 -9 -9
WBF_16 59 1 189 198 187 190 281 311 179 179 -9 -9 210 210 284 360 118 128 -9 -9
WBF_17 59 1 183 183 187 190 284 311 173 173 216 237 216 216 272 284 126 130 -9 -9
WBF_18 59 1 183 198 190 190 284 321 173 182 183 183 213 213 274 348 128 130 -9 -9
WBF_19 59 1 189 198 -9 -9 -9 -9 -9 -9 183 228 -9 -9 330 360 -9 -9 -9 -9
WBF_20 59 1 189 198 187 190 284 321 179 182 183 228 213 213 330 360 118 128 -9 -9
WBF_21 59 1 192 192 187 187 281 284 179 182 183 231 213 213 296 330 126 128 -9 -9
WBF_22 59 1 183 183 187 187 281 281 173 182 183 228 204 213 274 338 128 128 -9 -9
WDP_01 60 1 183 189 187 187 287 287 176 176 228 234 213 216 278 282 128 132 173 173
WDP_09 60 1 183 189 187 187 284 284 176 179 183 234 213 216 282 282 126 130 -9 -9
WDP_22 60 1 183 183 187 187 284 284 170 170 231 231 210 216 262 330 118 118 155 155
WES_04 61 1 183 189 187 190 284 284 170 185 183 231 213 216 286 286 134 134 151 169
WES_10 61 1 183 189 190 190 284 284 170 170 183 237 213 216 282 282 128 134 151 151
WES_11 61 1 183 189 187 190 284 284 173 185 183 234 216 216 284 326 134 134 151 151
WES_12 61 1 183 189 190 190 284 284 170 170 237 243 216 216 282 288 124 136 151 169
WES_13 61 1 183 183 190 190 284 284 170 173 183 183 216 219 282 360 132 132 -9 -9
WES_15 61 1 183 192 187 190 284 284 170 176 237 243 213 216 326 326 132 132 151 161
WES_16 61 1 186 189 190 190 284 284 170 173 222 234 204 213 282 304 114 126 165 165
WES_23 61 1 189 189 187 190 284 284 179 185 237 237 213 213 282 282 114 136 -9 -9
WES_25 61 1 183 183 187 187 284 284 158 173 183 228 213 213 286 326 126 130 -9 -9
WSL_01 62 1 183 183 187 187 284 327 158 173 183 228 216 216 286 326 126 130 -9 -9
WSL_02 62 1 183 183 187 187 284 287 158 170 237 243 204 216 282 294 122 126 159 173
WSL_03 62 1 183 183 187 187 284 327 158 173 183 237 204 216 286 294 126 126 173 173
WSL_04 62 1 183 183 187 187 284 287 -9 -9 183 243 210 216 282 282 -9 -9 159 165
WSL_05 62 1 183 183 190 190 284 287 173 176 228 228 210 210 294 294 132 134 159 159
WSL_06 62 1 183 195 187 187 284 287 -9 -9 183 237 204 210 312 336 122 132 165 165
WSL_07 62 1 183 183 187 190 284 287 170 176 228 234 210 213 280 294 128 134 -9 -9
WSL_09 62 1 183 195 187 187 284 284 170 173 183 234 216 216 282 312 126 128 -9 -9
WSL_11 62 1 183 189 190 190 284 284 170 170 231 231 213 213 282 286 134 136 169 169
CFP_01 63 1 189 192 187 187 284 284 173 173 228 237 210 216 302 338 -9 -9 165 167
CHA_01 64 1 183 183 187 187 287 287 173 179 240 240 210 216 278 278 126 134 -9 -9
CON_06 65 1 183 195 187 187 284 287 -9 -9 228 234 204 222 278 304 122 132 157 163
CON_07 65 1 183 189 187 190 287 287 -9 -9 222 231 210 213 278 282 122 124 157 165
FCP_11 66 1 183 183 187 187 284 284 170 170 231 231 210 216 262 328 118 118 155 155
FCP_13 66 1 183 183 187 187 284 284 170 170 183 183 207 207 262 340 118 118 167 167
FCP_21 66 1 183 183 187 187 284 284 170 170 228 228 210 216 262 328 118 118 139 139
FHM_20 67 1 183 189 187 190 284 287 173 173 222 234 204 213 304 304 128 130 165 165
FHM_37 67 1 183 189 187 190 284 284 170 173 231 231 210 213 -9 -9 -9 -9 -9 -9
FHM_41 67 1 183 183 187 190 284 284 173 176 231 231 204 213 296 304 128 128 -9 -9
FHM_43 67 1 183 183 187 187 284 284 173 176 231 231 204 216 296 304 128 128 159 173
FHM_44 67 1 183 183 187 187 287 287 170 176 228 287 210 210 282 282 128 134 173 173
FHM_9 67 1 -9 -9 187 187 287 287 -9 -9 -9 -9 -9 -9 276 304 -9 -9 169 169
LCN_04 68 1 192 201 187 190 284 287 170 173 237 237 207 216 288 296 126 130 -9 -9
LCN_22 68 1 192 201 187 190 284 287 170 173 237 237 207 216 288 310 126 130 -9 -9
LCN_44 68 1 192 201 187 190 284 287 170 173 240 240 207 216 288 306 126 130 -9 -9
LCN_45 68 1 192 201 187 190 284 287 170 173 237 237 207 216 288 306 126 130 -9 -9
LM1_01 69 1 195 198 187 190 284 284 170 173 237 237 210 216 336 354 130 130 151 151
LM1_02 69 1 183 195 187 190 284 284 170 173 228 231 210 210 336 340 128 130 -9 -9
LM1_03 69 1 183 192 187 190 284 284 173 176 228 231 210 216 336 340 128 128 -9 -9
LM1_06 69 1 183 183 187 187 287 287 173 173 231 234 210 210 294 294 126 128 175 175
LM1_07 69 1 183 183 190 190 284 284 173 173 228 234 213 216 282 340 130 132 159 177
LM1_08 69 1 183 195 187 187 287 287 -9 -9 -9 -9 216 216 282 288 130 130 -9 -9
LM1_09 69 1 183 198 187 190 284 284 173 173 231 234 204 213 282 282 130 134 159 159
LM1_11 69 1 183 195 187 187 284 284 170 176 228 234 216 216 282 288 128 128 -9 -9
LM1_12 69 1 183 189 187 187 -9 -9 173 182 228 231 210 213 294 294 126 128 169 175
LM1_13 69 1 183 192 187 190 284 284 173 176 228 234 216 216 282 340 128 128 159 171
LM1_14 69 1 183 192 187 190 284 284 170 176 231 231 210 216 282 288 126 130 175 175
LM1_15 69 1 192 195 187 187 284 284 170 173 234 234 210 210 282 290 126 134 151 173
LM1_16 69 1 183 189 187 187 284 284 173 173 237 240 210 216 282 342 128 130 177 177
LM1_17 69 1 189 195 187 190 284 284 173 176 222 237 216 216 282 288 128 130 159 171
LM2_01 70 1 183 183 187 187 284 284 170 176 183 231 210 216 282 284 122 134 177 179
LM3_01 71 1 189 195 187 190 284 284 173 173 234 237 204 210 294 342 128 132 175 175
LM3_06 71 1 189 195 187 190 284 284 173 173 234 237 204 210 294 342 128 132 169 175
LM3_14 71 1 183 183 -9 -9 284 284 -9 -9 234 234 210 216 -9 -9 126 126 171 171
MC1_01 72 1 183 183 187 187 284 284 173 173 183 237 213 213 282 294 122 126 169 169
MC1_02 72 1 183 183 187 187 284 284 173 173 231 234 213 213 300 344 128 130 157 177
MC1_06 72 1 183 195 187 187 284 284 173 173 183 234 213 213 298 300 128 132 171 171
MC1_07 72 1 183 195 187 187 284 284 173 173 183 234 204 213 298 300 128 132 171 171
MC1_08 72 1 183 195 187 190 284 284 170 176 183 234 204 213 298 300 128 132 171 171
MC1_09 72 1 183 183 -9 -9 287 287 170 173 183 222 210 210 278 338 122 126 -9 -9
MC1_14 72 1 183 183 187 187 287 287 170 173 183 222 210 210 278 338 122 126 -9 -9
MC2_01 73 1 195 198 187 187 284 284 170 182 183 237 210 213 292 356 124 126 169 175
MC2_05 73 1 183 198 187 190 284 284 173 182 183 237 210 213 316 356 126 126 175 175
MC2_06 73 1 183 195 187 190 284 284 173 173 183 237 213 213 284 336 128 130 159 159
MC2_07 73 1 183 195 187 187 284 284 173 173 183 237 213 213 284 336 128 130 159 159
MC2_12 73 1 183 195 187 190 284 284 170 176 183 237 204 210 284 336 128 130 159 159
MC2_13 73 1 183 195 -9 -9 284 284 -9 -9 183 237 204 210 284 336 128 130 159 159
MC2_14 73 1 183 195 187 190 284 284 173 173 183 237 210 213 284 336 128 130 159 159
MC2_16 73 1 183 195 187 187 284 284 -9 -9 183 234 210 213 284 336 128 130 159 167
MC2_17 73 1 183 195 187 187 284 284 173 173 183 237 204 213 278 284 -9 -9 159 159
MC2_18 73 1 183 183 187 190 284 287 176 176 228 237 204 213 286 338 122 126 159 165
MC3_12 74 1 183 198 187 187 284 284 176 176 183 228 216 216 310 338 130 130 159 163
OSF_22 75 1 183 183 190 190 284 284 173 179 183 228 213 219 282 340 122 136 169 169
OSF_23 75 1 183 189 187 190 287 287 173 173 183 183 213 216 316 340 126 128 153 171
OSF_36 75 1 183 183 187 190 284 287 173 173 183 183 213 222 278 354 124 134 163 183
PET_01 76 1 183 189 187 187 284 284 170 182 183 183 213 216 286 354 114 128 -9 -9
PET_02 76 1 183 189 187 187 284 284 176 176 183 183 213 216 286 298 114 126 -9 -9
PET_03 76 1 189 189 187 187 284 284 176 182 183 228 216 216 -9 -9 -9 -9 -9 -9
PET_04 76 1 189 189 187 190 284 284 170 176 183 222 210 213 296 296 124 128 -9 -9
PET_06 76 1 189 189 187 187 284 284 182 182 183 228 216 216 296 296 128 134 -9 -9
PET_07 76 1 183 189 187 187 284 311 170 176 183 228 213 213 286 296 114 126 -9 -9
PET_09 76 1 183 189 187 187 284 311 176 185 183 231 213 213 296 296 114 134 -9 -9
PET_10 76 1 189 189 187 187 284 284 182 182 183 240 213 216 286 286 114 126 -9 -9
PET_11 76 1 183 189 187 190 284 284 176 182 228 240 210 213 -9 -9 -9 -9 -9 -9
PET_12 76 1 189 189 187 187 281 284 176 185 183 183 213 216 296 296 126 128 -9 -9
PET_13 76 1 183 189 190 190 284 284 170 176 183 183 216 216 288 296 114 124 -9 -9
PET_14 76 1 189 189 187 187 284 284 170 182 183 228 210 213 296 300 114 134 -9 -9
PET_15 76 1 189 189 187 187 -9 -9 170 176 183 228 213 216 -9 -9 -9 -9 -9 -9
PET_16 76 1 189 189 187 190 287 287 176 182 183 231 216 216 300 300 128 128 -9 -9
PET_17 76 1 183 189 187 187 284 287 170 182 183 228 213 213 288 300 126 134 -9 -9
PET_18 76 1 183 183 187 187 284 287 176 182 183 183 213 213 286 286 128 128 -9 -9
PET_19 76 1 -9 -9 190 190 -9 -9 182 182 183 228 216 216 296 296 126 126 -9 -9
PET_20 76 1 183 189 187 187 287 311 179 182 183 228 213 216 296 296 128 128 -9 -9
PET_21 76 1 183 189 187 187 284 287 176 182 183 228 213 213 -9 -9 -9 -9 -9 -9
PET_22 76 1 189 189 187 187 284 311 176 182 183 240 210 213 -9 -9 -9 -9 -9 -9
PET_23 76 1 183 189 187 187 284 284 -9 -9 183 234 213 216 -9 -9 -9 -9 -9 -9
PET_24 76 1 183 189 187 187 284 287 170 185 -9 -9 216 216 -9 -9 -9 -9 -9 -9
POC_07 77 1 183 189 187 187 -9 -9 161 173 183 234 210 213 -9 -9 124 124 -9 -9
POC_10 77 1 183 189 187 187 -9 -9 176 176 183 240 210 210 -9 -9 -9 -9 -9 -9
POC_24 77 1 183 189 187 187 -9 -9 170 173 183 183 213 216 -9 -9 -9 -9 -9 -9
POC_28 77 1 183 189 187 187 -9 -9 170 173 183 234 213 216 -9 -9 124 130 -9 -9
POC_36 77 1 183 189 187 187 -9 -9 176 182 240 240 210 210 -9 -9 122 124 -9 -9
POC_43 77 1 183 189 187 187 284 287 161 182 228 231 210 213 -9 -9 -9 -9 -9 -9
SCI_01 78 1 183 213 187 190 284 284 173 173 222 240 210 210 292 356 126 132 161 169
SEL_01 79 1 183 198 187 190 284 284 -9 -9 231 231 -9 -9 284 288 126 132 157 171
SEL_02 79 1 183 195 187 190 284 284 173 176 183 234 216 216 294 346 124 132 157 167
SU1_01 80 1 183 198 187 190 284 284 173 173 237 240 210 216 284 304 126 130 151 161
SU1_02 80 1 183 192 187 187 284 284 170 173 228 234 210 213 282 304 130 130 167 167
SU1_03 80 1 183 198 187 190 284 284 173 182 222 231 213 216 282 332 126 128 151 161
SU1_11 80 1 183 183 187 190 284 284 173 179 228 234 213 216 282 288 126 134 151 171
SU1_13 80 1 183 183 187 190 284 284 173 176 231 234 216 216 282 284 126 126 161 161
SU1_16 80 1 183 183 187 187 284 284 173 173 228 240 213 213 282 288 128 130 165 165
SU1_17 80 1 183 183 187 187 -9 -9 173 182 237 240 210 210 282 304 126 126 151 177
SU1_21 80 1 183 183 187 187 284 284 176 182 231 237 210 216 282 332 128 134 165 177
SU1_23 80 1 183 183 187 190 284 284 173 173 183 237 210 216 282 336 126 132 147 147
SU1_25 80 1 183 198 187 190 284 284 173 173 237 240 210 216 284 304 126 130 151 161
SU1_31 80 1 183 183 187 187 284 284 173 176 228 231 213 216 288 304 130 130 165 165
TUN_03 81 1 183 192 190 190 284 284 -9 -9 222 228 225 225 282 344 124 128 167 169
TUN_08 81 1 183 189 -9 -9 -9 -9 -9 -9 228 240 204 204 -9 -9 -9 -9 -9 -9
TUN_09 81 1 192 198 187 190 284 284 158 179 237 240 213 213 282 336 128 130 167 167
TUN_11 81 1 183 189 190 190 284 284 176 182 183 219 216 216 280 304 134 140 153 175
TUN_18 81 1 183 192 190 190 287 287 179 188 234 243 216 216 288 344 130 130 167 179
TUN_23 81 1 183 198 187 190 284 287 -9 -9 231 243 -9 -9 288 344 130 132 167 175
TUN_24 81 1 183 183 190 190 284 284 -9 -9 -9 -9 -9 -9 282 282 114 132 163 175
WEN_10 82 1 183 189 187 187 284 284 176 182 231 237 204 210 288 288 126 134 159 167
