Title line:""
108
G4
103
119
121
124
B103
B108
B128
Pop
   BCB, 0104 0102 0404 0608 0108 0303 1224 0000 0710
   BCB, 0106 0102 0404 0606 0811 0606 1224 0000 0710
   BCB, 0104 0102 0404 0608 0108 0303 0924 0000 0623
   BCB, 0101 0102 0404 0608 0108 0303 1224 0000 0710
   BCB, 0104 0102 0404 0608 0108 0303 1224 0000 0623
   BCB, 0103 0102 0000 0608 0101 0303 1224 0000 0710
   BCB, 0101 0102 0000 0608 0101 0303 0924 0000 0623
   BCB, 0104 0102 0404 0608 0108 0303 0000 0000 0723
Pop
   BCL, 0103 0102 0000 0506 1011 0000 0000 0000 0000
   BCL, 0101 0102 0000 0609 0608 0709 0840 0808 0000
   BCL, 0101 0101 0303 0709 0610 0309 0832 0808 1515
   BCL, 0305 0202 0303 0505 0612 0709 1020 0508 1414
   BCL, 0000 0101 0000 0607 0111 0607 0810 0108 0000
   BCL, 0103 0101 0303 0109 0609 0307 2032 0111 0816
   BCL, 0305 0102 0000 0608 0909 0506 1044 0109 1111
   BCL, 0106 0101 0000 0505 0106 0307 0808 0109 1417
   BCL, 0107 0101 0303 0610 1010 0606 3441 0101 0000
   BCL, 0107 0102 0303 0707 0608 0609 0812 0809 1414
   BCL, 0103 0202 0303 0607 0910 0607 1032 0811 1616
   BCL, 0106 0202 0304 0608 0911 0509 0832 0811 1818
Pop
   BCP, 0101 0102 0303 0000 0611 0303 1013 0707 0000
   BCP, 0101 0102 0303 0505 1114 0305 0909 0707 1218
Pop
   BLU, 0103 0102 0404 0505 0411 0606 0606 0000 0909
   BLU, 0103 0202 0304 0506 0910 0506 0707 0000 0909
   BLU, 0103 0102 0304 0505 1010 0609 0709 0000 0909
   BLU, 0103 0102 0304 0709 0409 0606 0000 0000 0909
   BLU, 0506 0102 0304 0507 0110 0609 0606 0000 0909
   BLU, 0606 0101 0404 0107 0111 0609 0606 0000 0909
   BLU, 0103 0202 0303 0106 0101 0606 0808 0000 0909
   BLU, 0305 0102 0304 0508 1111 0505 0909 0000 0909
   BLU, 0106 0102 0303 0709 1010 0709 0000 0000 0909
Pop
   BSF, 0506 0202 0303 0109 0910 0307 2733 0000 0000
   BSF, 0506 0102 0303 0509 0110 0609 0835 0000 0000
   BSF, 0101 0102 0303 0509 0910 0509 0635 0000 0000
   BSF, 0107 0202 0303 0509 1010 0305 0632 0000 0000
   BSF, 0104 0101 0303 0607 1010 0607 1432 0000 0000
   BSF, 0104 0202 0303 0609 1010 0607 0832 0000 0000
   BSF, 0101 0102 0303 0707 1010 0307 1432 0000 0000
   BSF, 0101 0202 0303 0509 1010 0909 1935 0000 1416
   BSF, 0106 0101 0303 0509 1011 0306 0831 0000 0000
   BSF, 0105 0102 0304 0609 1011 0306 0916 0000 0000
   BSF, 0107 0202 0303 0713 0911 0606 0827 0000 1616
   BSF, 0105 0102 0303 0000 0910 0607 3131 0000 0000
   BSF, 0105 0102 0303 0506 0110 0709 3235 0000 0000
   BSF, 0101 0101 0303 0607 0909 0306 0832 0000 0000
   BSF, 0106 0202 0303 0505 1011 0303 1414 0000 1010
   BSF, 0106 0102 0303 0109 0909 0309 0631 0000 0000
   BSF, 0000 0102 0303 0509 1010 0306 3232 0000 1015
   BSF, 0000 0102 0303 0505 1010 0306 0832 0000 1416
   BSF, 0101 0102 0303 0606 0911 0307 3131 0000 1420
   BSF, 0101 0202 0303 0509 0812 0307 1417 0000 0000
   BSF, 0105 0101 0303 0507 1011 0307 0614 0000 0000
Pop
   BTH, 0000 0102 0303 0212 0708 0508 0000 0000 0000
   BTH, 0307 0101 0415 0612 0108 0307 0000 0000 0000
   BTH, 0105 0101 0203 0000 0108 0707 0000 0000 0000
   BTH, 0506 0101 1515 0000 0000 0707 0000 0000 0000
   BTH, 0606 0101 0215 0207 0110 0707 0000 0000 0000
   BTH, 0606 0102 0304 0505 0108 0707 0000 0000 0000
   BTH, 0606 0102 0404 0505 0108 0707 0000 0000 0000
   BTH, 0506 0202 0203 0712 0000 0507 0000 0000 0000
   BTH, 0306 0101 0000 0512 0808 0708 0000 0000 0000
   BTH, 0306 0101 0313 0507 0108 0707 0000 0000 0000
   BTH, 0606 0101 0215 0607 0110 0707 0000 0000 0000
   BTH, 0106 0101 0000 0512 0104 0808 0000 0000 0000
   BTH, 0106 0101 0220 0505 0708 0607 0000 0000 0000
   BTH, 0606 0202 1415 0712 0107 0708 0000 0000 0000
   BTH, 0506 0202 0415 0505 0808 0707 0000 0000 0000
   BTH, 0606 0102 0320 0512 0101 0707 0000 0000 0000
   BTH, 0606 0102 0314 0506 0101 0606 0000 0000 0000
   BTH, 0103 0102 0320 0512 0408 0508 0000 0000 0000
   BTH, 0506 0101 0314 0205 0108 0707 0000 0000 0000
   BTH, 0506 0202 0314 0507 0000 0707 0000 0000 0000
   BTH, 0106 0101 0303 0505 0101 0607 0000 0000 0000
   BTH, 0306 0102 1114 0707 0106 0708 0000 0000 0000
   BTH, 0606 0102 1115 0612 0108 0707 0000 0000 0000
   BTH, 0306 0101 0000 0505 0000 0707 0617 0507 0000
   BTH, 0308 0102 0000 0506 0000 0407 0611 0709 1414
   BTH, 0506 0102 0000 0505 0000 0707 0606 0809 1616
   BTH, 0508 0102 0000 0505 0000 0507 1743 0709 0616
   BTH, 0508 0102 0000 0507 0000 0707 0612 0609 0613
   BTH, 0606 0101 0000 0000 0000 0000 0606 0606 0610
   BTH, 0606 0101 0000 0607 0000 0607 0611 0609 0000
   BTH, 0606 0101 0000 0607 0000 0707 0611 0609 0000
   BTH, 0606 0102 0000 0505 0000 0707 0618 0909 0000
   BTH, 0606 0202 0000 0505 0000 0707 1833 1010 0000
   BTH, 0606 0202 0000 0707 0000 0307 1333 0609 0606
   BTH, 0607 0102 0000 0507 0000 0707 1118 0915 0303
   BTH, 0608 0102 0000 0000 0000 0607 0000 0509 1313
Pop
   CAD, 0306 0101 0303 0507 0111 0507 0606 0712 1414
   CAD, 0306 0102 0303 0708 1111 0507 0606 0812 1218
   CAD, 0606 0101 0303 0707 1111 0607 0617 0712 1818
   CAD, 0306 0102 0303 0708 1111 0507 0606 0812 1218
   CAD, 0000 0000 0000 0000 0000 0000 1717 0812 1218
   CAD, 0606 0101 0303 0707 1111 0607 0617 0712 1818
   CAD, 0606 0101 0303 0707 1111 0607 0617 0712 1818
   CAD, 0606 0202 0303 0707 1111 0505 0617 0808 0000
   CAD, 0606 0102 0404 0708 0101 0507 0608 0812 0000
   CAD, 0000 0102 0000 0000 0000 0000 0617 0812 1818
   CAD, 0303 0202 0303 0707 1111 0505 0617 0812 0000
   CAD, 0303 0202 0303 0708 1111 0506 0617 0709 1212
   CAD, 0103 0102 0000 0510 0101 0708 0000 0808 1214
   CAD, 0306 0102 0303 0708 0111 0507 0617 0812 1818
   CAD, 0103 0202 0000 0508 0111 0506 0606 0808 0512
   CAD, 0103 0202 0000 0508 0101 0506 0606 0808 0512
   CAD, 0103 0202 0000 0508 0111 0506 0606 0909 0513
   CAD, 0106 0101 0000 0707 0911 0507 0817 0812 0518
   CAD, 0103 0202 0000 0508 0101 0506 0606 0808 0512
   CAD, 0306 0102 0000 0708 0111 0507 0617 0707 1818
   CAD, 0106 0102 0000 0707 0211 0505 0817 0808 1818
Pop
   CAT, 0104 0101 0203 0507 0108 0707 1014 0507 1212
Pop
   CCC, 0103 0101 0404 0506 1010 0506 2232 0708 0000
   CCC, 0106 0101 0000 0609 1010 0306 3434 0808 1515
   CCC, 0304 0101 0000 0506 1012 0000 0932 0608 0404
   CCC, 0306 0101 0304 0506 1012 0707 1632 0607 0404
   CCC, 0303 0101 0304 0606 0000 0606 3234 0607 0404
   CCC, 0510 0101 0000 0000 0000 0000 0000 0909 1414
   CCC, 0101 0101 0000 0709 1010 0303 0935 0808 0000
   CCC, 0106 0101 0404 0607 0910 0606 3434 0708 0320
   CCC, 0104 0101 0404 0509 0000 0607 0933 0608 0303
   CCC, 0106 0101 0303 0506 1010 0707 0934 0910 0000
   CCC, 0106 0101 0404 0505 0811 0506 1515 0808 1717
   CCC, 0101 0101 0202 0508 1112 0507 0915 0808 1717
Pop
   CFR, 0305 0102 0315 0507 0110 0607 1632 0107 0000
   CFR, 0105 0101 0404 0507 0808 0306 0000 0508 0000
   CFR, 0509 0102 0311 0507 0101 0507 1333 0707 0000
   CFR, 0110 0102 0304 0709 0108 0507 1033 0707 0000
   CFR, 0509 0102 0303 0709 0101 0507 1333 0707 0000
Pop
   CHR, 0607 0101 0404 0611 0810 0505 0815 0710 1414
   CHR, 0105 0101 0303 0507 0810 0305 1132 0610 1417
   CHR, 0505 0101 0303 0506 0111 0606 0934 0509 1417
   CHR, 0105 0101 0304 0506 0911 0307 1732 0909 1417
   CHR, 0606 0101 0303 0707 0111 0303 0942 0808 1414
   CHR, 0506 0101 0304 0506 1111 0303 3232 0608 1216
   CHR, 0606 0101 0304 0507 0911 0305 0832 0809 1216
   CHR, 0606 0101 0304 0507 0911 0305 0832 0809 1217
   CHR, 0606 0101 0303 0707 1111 0303 0942 0808 1414
   CHR, 0506 0101 0303 0607 0911 0305 0832 0810 1414
   CHR, 0101 0101 0303 0708 0608 0607 4242 0610 1014
   CHR, 0103 0101 0303 0506 0111 0303 3233 0608 1014
   CHR, 0305 0101 0303 0608 0000 0303 3233 0608 0000
   CHR, 0103 0101 0303 0505 0910 0506 1320 0809 0000
   CHR, 0101 0101 0303 0505 0000 0303 0932 0808 1414
   CHR, 0105 0101 0304 0611 0000 0305 1732 0609 1717
   CHR, 0105 0101 0304 0606 0000 0306 3232 0607 1717
   CHR, 0101 0101 0303 0707 0000 0307 1742 0910 1417
   CHR, 0106 0101 0304 0505 0000 0305 0842 0809 1417
Pop
   CKW, 0101 0102 0000 0609 0112 0505 0909 0000 0000
   CKW, 0505 0101 0212 0107 0101 0507 0910 0610 1316
   CKW, 0101 0101 1220 0707 0110 0507 0909 0610 1111
   CKW, 0105 0101 1218 0607 1010 0507 0910 1010 0000
   CKW, 0101 0101 1220 0507 0110 0305 0909 1010 1111
   CKW, 0101 0102 0312 0607 0108 0505 0909 0810 1013
   CKW, 0101 0101 1212 0000 0110 0305 0909 0000 0000
   CKW, 0101 0101 0212 0709 1010 0505 0909 1010 1818
   CKW, 0101 0101 1223 0507 1010 0507 0909 0610 1111
   CKW, 0105 0101 0719 0509 1212 0305 0909 0710 0000
   CKW, 0000 0102 0000 0000 0611 0506 0910 0000 0000
   CKW, 0105 0101 0000 0000 0101 0305 0910 0710 0000
   CKW, 0101 0101 0206 0707 0101 0507 0909 0610 1212
Pop
   COL, 0303 0101 0303 0709 0712 0607 1010 0707 0813
   COL, 0303 0101 0303 0712 0712 0607 1010 0707 0813
   COL, 0303 0101 0303 0912 0112 0606 1013 0707 1111
   COL, 0305 0101 0000 0709 0412 0305 1010 0707 0813
   COL, 0305 0101 1515 0912 1212 0506 1010 0707 0813
   COL, 0305 0101 0215 0912 1212 0506 1010 0707 0813
   COL, 0303 0101 0303 0709 0712 0607 1010 0707 0813
   COL, 0305 0101 0000 0709 1212 0606 1010 0707 0813
   COL, 0305 0101 0202 0709 1212 0606 1014 0707 1313
   COL, 0303 0101 0303 0912 0712 0607 1014 0707 1313
   COL, 0303 0101 0303 0709 0712 0607 1010 0707 0813
   COL, 0305 0101 0202 0709 1212 0606 1010 0707 0813
   COL, 0303 0101 1114 0507 0108 0307 0000 0707 1313
   COL, 0305 0101 0202 0912 1212 0606 1212 0707 1313
   COL, 0305 0101 0202 0912 1212 0606 1014 0707 1313
   COL, 0305 0101 0202 0912 1212 0606 1014 0707 1313
   COL, 0305 0101 1515 0912 0101 0606 0000 0707 1313
   COL, 0303 0101 0303 0709 0712 0607 1010 0707 1313
Pop
   DCR, 0101 0102 0303 0606 0106 0505 0811 1010 0514
Pop
   DRP, 0103 0101 0210 0505 1011 0303 1010 1112 0000
   DRP, 0103 0102 0102 0506 1112 0309 0909 0811 0505
   DRP, 0506 0101 0619 0507 0911 0000 0909 0408 1414
   DRP, 0103 0101 1921 0707 0808 0000 0909 0810 1111
   DRP, 0303 0101 1021 0507 1010 0000 0910 0811 1111
   DRP, 0106 0101 0521 0507 1010 0000 0910 0811 1111
   DRP, 0103 0101 0000 0507 0909 0000 0909 0811 0000
   DRP, 0101 0102 0319 0505 1111 0000 0909 0811 0505
   DRP, 0101 0101 0000 0506 0608 0000 0909 0000 0000
   DRP, 0103 0102 0208 0506 0912 0309 0909 0809 0517
   DRP, 0101 0101 1920 0608 0606 0505 0909 0000 0517
   DRP, 0103 0102 0508 0506 1011 0305 0909 1012 0000
   DRP, 0101 0101 0208 0505 1011 0303 0909 0412 0000
Pop
   ER2, 0103 0000 0404 0000 0101 0000 0000 0000 1212
   ER2, 0103 0000 0202 0000 0101 0506 0000 0108 1212
   ER2, 0103 0101 0203 0000 0101 0506 0000 0000 1212
   ER2, 0103 0101 0404 0606 0109 0000 2034 0109 1212
Pop
   EUT, 0101 0101 0404 0708 0000 0607 3439 0911 0000
   EUT, 0101 0102 1114 0606 0000 0606 4142 0507 1111
   EUT, 0101 0101 1114 0606 0000 0606 4142 0507 1111
   EUT, 0101 0102 1114 0606 0000 0606 4142 0507 1111
   EUT, 0101 0102 0303 0607 1111 0607 3141 0510 1111
   EUT, 0101 0101 0000 0609 0909 0505 3333 0709 0000
   EUT, 0101 0102 0000 0000 0000 0606 3140 0507 0000
   EUT, 0104 0101 0404 0606 0909 0606 1331 0505 0000
   EUT, 0104 0102 1517 0606 0909 0606 1339 0509 0000
   EUT, 0101 0101 0000 0206 0909 0505 1331 0909 1010
   EUT, 0101 0102 0303 0606 0000 0607 3234 0508 1115
   EUT, 0101 0102 0314 0707 1111 0607 3131 0505 1717
   EUT, 0101 0102 0314 0707 1111 0607 3131 0505 1717
   EUT, 0101 0102 0000 0607 0000 0000 3134 0507 0000
   EUT, 0101 0102 0303 0607 0000 0609 3336 0608 0000
   EUT, 0101 0102 0303 0708 0000 0909 3639 0810 1616
   EUT, 0101 0101 0303 0606 0000 0000 0000 0510 0000
   EUT, 0101 0101 0217 0607 1111 0707 3439 0810 0000
   EUT, 0101 0102 0202 0709 0909 0707 3139 0709 0000
   EUT, 0101 0101 1717 0207 0404 0507 3139 0511 0000
   EUT, 0101 0102 0202 0608 1111 0707 3234 0709 0000
   EUT, 0101 0102 0304 0909 1212 0606 0436 0710 1115
   EUT, 0101 0102 1515 0206 1212 0607 1832 0810 1717
   EUT, 0101 0102 0000 0213 0909 0606 0000 0710 0000
   EUT, 0103 0102 0000 0202 0000 0606 3636 1010 0000
   EUT, 0101 0102 0217 0506 1111 0707 3234 0509 0707
   EUT, 0101 0102 0202 0206 0000 0707 3234 0509 0707
   EUT, 0101 0102 1516 0206 0000 0607 0000 0505 1115
   EUT, 0101 0102 0303 0708 0000 0507 0431 0709 0000
   EUT, 0101 0102 0303 0606 0000 0507 0431 0709 0000
   EUT, 0101 0102 1717 0000 0000 0809 3135 0811 1414
   EUT, 0101 0101 1717 0000 1112 0707 3943 0809 1115
Pop
   GCR, 0101 0101 0304 0505 0610 0707 1533 0708 0000
   GCR, 0101 0101 0202 0707 0909 0507 0925 0508 0000
   GCR, 0101 0101 0303 0707 0909 0507 0921 0508 0000
   GCR, 0101 0000 0303 0606 1111 0509 0824 0708 0000
   GCR, 0101 0202 0303 0606 1111 0509 0824 0708 0000
Pop
   HAM, 0405 0102 0405 0508 0608 0709 0918 0111 1216
   HAM, 0304 0101 0303 0708 1012 0707 1543 0809 1818
Pop
   HEM, 0307 0101 0303 0508 0106 0608 0914 0810 1214
   HEM, 0307 0000 0303 0508 0106 0608 0914 0810 1214
   HEM, 0307 0101 0303 0508 0106 0608 0000 0707 0000
   HEM, 0306 0102 0303 0708 0111 0507 1717 0812 2020
   HEM, 0306 0101 0303 0508 0111 0608 0914 0810 1214
Pop
   HOL, 0303 0102 0303 0509 1010 0607 1327 0000 0000
   HOL, 0103 0102 0303 0507 1010 0307 1533 0000 1014
   HOL, 0101 0102 0303 0505 1010 0508 1335 0000 1018
   HOL, 0103 0101 0303 0509 1011 0308 1118 0000 1313
   HOL, 0103 0202 0304 0509 1111 0607 0913 0000 1010
   HOL, 0103 0102 0303 0505 1011 0306 3234 0000 1818
   HOL, 0101 0102 0303 0507 1011 0707 0833 0000 1018
   HOL, 0101 0102 0303 0709 1010 0307 0611 0000 0515
   HOL, 0101 0102 0303 0709 1010 0307 0833 0000 0000
Pop
   HPC, 0506 0202 0303 0506 0111 0708 0000 0000 0000
   HPC, 0101 0202 0303 0606 0611 0707 0808 0000 1515
   HPC, 0103 0202 0303 0606 0106 0707 0835 0000 0000
   HPC, 0101 0202 0304 0506 0611 0707 0835 0000 0000
   HPC, 0101 0202 0304 0506 0611 0707 0912 0000 0000
   HPC, 0103 0102 0303 0506 0111 0307 0808 0000 1515
   HPC, 0101 0202 0303 0607 0106 0707 0912 0000 0000
   HPC, 0105 0102 0303 0607 0606 0608 1119 0000 0515
   HPC, 0101 0102 0303 0606 0611 0707 0808 0000 1515
   HPC, 0607 0102 0303 0607 0611 0305 0911 0000 1515
   HPC, 0107 0102 0303 0607 1011 0305 0909 0000 0505
   HPC, 0103 0102 0303 0505 1011 0307 0000 0000 0000
   HPC, 0000 0000 0000 0000 0000 0307 0811 0000 0512
   HPC, 0101 0202 0303 0607 0111 0307 0808 0000 0513
   HPC, 0103 0202 0303 0607 0101 0606 0000 0000 0000
Pop
   KAN, 0406 0101 0303 0506 0101 0305 0632 0107 1414
   KAN, 0606 0101 0303 0810 0112 0707 0924 0709 1214
   KAN, 0306 0102 0303 0710 1012 0303 0924 0808 1214
   KAN, 0606 0101 0303 0608 0101 0507 1624 0707 1212
   KAN, 0607 0101 0303 0509 0110 0505 0809 0707 1212
   KAN, 0106 0101 0303 0609 0108 0505 0811 0710 1216
   KAN, 0107 0102 0303 0909 0108 0505 1015 0808 1114
   KAN, 0103 0202 0303 0607 1010 0307 0918 0808 1214
   KAN, 0606 0000 0000 0000 0000 0000 0616 0808 1416
   KAN, 0107 0102 0303 0709 0104 0506 0000 0808 1113
Pop
   KNX, 0505 0101 0420 0609 0810 0508 1010 0707 0000
   KNX, 0103 0101 0322 0507 0808 0708 0909 0000 1212
   KNX, 0101 0102 0103 0507 1212 0507 0926 0812 1111
Pop
   LAW, 0303 0000 0303 0000 0610 0000 0909 0000 0000
   LAW, 0103 0101 0303 0506 0610 0306 0909 0000 1414
   LAW, 0103 0101 0303 0606 0610 0306 0910 0000 1414
   LAW, 0101 0101 0303 0506 0910 0307 0910 0000 1414
   LAW, 0101 0101 0303 0000 1011 0307 1013 0000 1014
   LAW, 0103 0101 0303 0606 0610 0607 0940 0000 1414
   LAW, 0103 0101 0303 0606 0610 0307 0940 0000 1214
   LAW, 0303 0101 0303 0606 0610 0707 1033 0000 1214
   LAW, 0103 0101 0303 0606 0609 0607 0940 0000 1414
   LAW, 0103 0101 0303 0606 0910 0307 1040 0000 1214
   LAW, 0103 0101 0303 0606 0609 0307 0940 0000 1314
   LAW, 0105 0102 0305 0507 1011 0306 1019 0000 0514
Pop
   LCC, 0106 0101 1517 0000 0101 0707 1010 0710 0000
   LCC, 0106 0101 1517 0612 0104 0607 1010 0710 0000
   LCC, 0606 0101 1520 0507 0106 0607 0833 1010 0000
   LCC, 0606 0000 1415 0000 0104 0000 0000 0000 0000
   LCC, 0000 0000 0000 0000 0104 0000 0000 0000 0000
   LCC, 0306 0101 1415 0707 0104 0707 1233 0710 0000
   LCC, 0000 0101 0202 0000 0101 0607 0000 0000 0000
   LCC, 0101 0101 0000 0000 0101 0707 3333 0610 0000
   LCC, 0303 0102 0000 0712 0101 0707 3333 0000 0000
   LCC, 0303 0101 0214 0507 0000 0707 3333 0608 0000
   LCC, 0303 0101 0314 0512 0711 0607 3333 0808 0000
   LCC, 0303 0000 1515 0000 0404 0000 3333 0000 0000
   LCC, 0000 0101 0000 0607 0000 0707 0000 0000 0000
   LCC, 0000 0000 0000 0000 0104 0000 0000 0000 0000
   LCC, 0103 0102 1115 0000 0104 0000 0000 0106 0000
   LCC, 0303 0102 0214 0505 0111 0607 1233 0711 0000
   LCC, 0307 0000 0202 0000 0104 0000 0000 0000 0000
   LCC, 0000 0202 0202 0606 0104 0707 1212 0609 0000
   LCC, 0303 0102 0303 0512 0107 0606 3333 0611 0000
   LCC, 0000 0000 0000 0000 0404 0000 0000 0000 0000
   LCC, 0306 0102 0203 0712 0101 0606 1212 0709 0000
   LCC, 0103 0101 1516 0507 0111 0206 1333 0810 0000
   LCC, 0303 0102 0000 0712 0101 0606 0000 0707 0000
Pop
   LEE, 0107 0101 0303 0609 0111 0709 1234 0710 0718
   LEE, 0107 0102 0303 0505 0511 0606 0606 0411 1217
   LEE, 0104 0202 0404 0508 0611 0505 3232 0101 1414
   LEE, 0103 0101 0303 0106 1011 0505 4444 0708 1414
   LEE, 0107 0102 0404 0505 0609 0507 1014 0407 0514
   LEE, 0307 0102 0404 0505 1011 0506 1038 0108 1313
   LEE, 0103 0102 0303 0707 1112 0305 3844 0711 1418
   LEE, 0103 0101 0404 0506 1111 0606 0000 0810 1214
   LEE, 0107 0101 0404 0506 1111 0507 0707 0711 0514
   LEE, 0000 0102 0303 0707 1111 0607 0632 0709 1318
   LEE, 0103 0202 0304 0000 0811 0000 0808 0713 1818
   LEE, 0103 0102 0303 0509 1010 0707 1034 0108 0816
Pop
   LHP, 0103 0101 0106 0607 0810 0305 0909 0707 1013
   LHP, 0101 0102 0103 0708 0101 0303 0910 0707 1018
   LHP, 0101 0102 0103 0708 0110 0303 0910 0707 1018
   LHP, 0101 0102 0103 0708 0110 0303 0909 0707 1018
Pop
   LIL, 0306 0101 0000 0707 0101 0307 1010 0712 0000
   LIL, 0306 0000 1515 0000 0101 0000 1010 0712 0000
   LIL, 0103 0202 0310 0712 0104 0507 0214 0707 0000
   LIL, 0103 0101 1415 0207 0404 0303 1111 0707 0000
   LIL, 0103 0000 0303 0000 0404 0000 0210 0000 0000
   LIL, 0103 0102 0202 0508 0404 0509 0210 0909 0000
   LIL, 0303 0102 0315 0000 0104 0505 0000 0709 0000
   LIL, 0303 0101 0000 0000 0101 0000 0000 0707 0000
   LIL, 0103 0202 0303 0000 0101 0000 0000 0000 0000
   LIL, 0000 0101 0000 0607 0000 0505 0215 0107 0000
   LIL, 0303 0102 0303 0000 0101 0305 0000 0707 0000
   LIL, 0303 0202 0215 0607 0101 0305 1012 0709 0000
   LIL, 0103 0102 0303 0000 0101 0506 0210 0709 0000
   LIL, 0303 0202 1120 0607 0112 0507 3333 0508 0000
   LIL, 0103 0202 0215 0809 0112 0505 3333 0711 0000
   LIL, 0103 0101 0215 0709 0104 0305 1111 0707 0000
   LIL, 0606 0000 0215 0000 0104 0000 0000 0609 0000
   LIL, 0106 0101 0315 0000 0101 0305 1010 0707 0000
   LIL, 0306 0102 0215 0507 0404 0707 0000 0707 0000
   LIL, 0303 0101 0303 0206 0101 0607 0000 0909 0000
   LIL, 0303 0101 1111 0000 0106 0606 0229 0709 0000
   LIL, 0303 0101 1111 0712 0106 0606 0202 0709 0000
   LIL, 0303 0101 1111 0712 0106 0606 0202 0709 0000
   LIL, 0303 0101 1515 0707 0104 0305 1010 0707 0000
Pop
   LL1, 0103 0101 0303 0506 0111 0507 3131 0711 1616
Pop
   LL2, 0607 0101 0303 0506 0109 0309 1224 0507 0518
   LL2, 0306 0101 0303 0507 0108 0507 0334 0109 1414
   LL2, 0303 0101 0303 0507 0111 0506 3234 0109 1414
   LL2, 0106 0101 0303 0608 0910 0303 0832 0509 0510
   LL2, 0106 0101 0303 0606 0910 0306 0832 1010 1414
   LL2, 0000 0101 0000 0608 0000 0303 0811 0509 0510
   LL2, 0000 0101 0303 0708 0910 0307 0000 0808 0606
Pop
   LL3, 0305 0101 0303 0808 0112 0103 3642 0608 0000
   LL3, 0305 0101 0303 0606 0109 0505 0811 0606 0000
   LL3, 0303 0101 0303 0505 0111 0607 1636 0710 1818
   LL3, 0303 0101 0303 0608 0112 0509 0836 0808 1818
   LL3, 0303 0101 0303 0606 0109 0606 1332 0808 0518
   LL3, 0303 0101 0000 0506 0000 0606 3636 1010 0000
   LL3, 0305 0101 0303 0607 1011 0509 0836 0808 1818
   LL3, 0303 0101 0303 0108 0511 0606 3345 0810 0000
   LL3, 0303 0101 0303 0607 0910 0506 1336 0808 1818
   LL3, 0303 0101 0303 0809 0509 0303 4040 0508 0000
   LL3, 0000 0101 0303 0608 0612 0303 3535 0509 0000
   LL3, 0105 0101 0303 0606 0911 0606 1140 0810 0000
   LL3, 0306 0101 0303 0505 0110 0307 1341 0810 1016
   LL3, 0105 0101 0303 0000 0109 0103 1332 0508 0000
   LL3, 0303 0101 0303 0606 0101 0105 3436 0809 0000
   LL3, 0305 0101 0303 0708 0110 0306 3232 0710 1720
   LL3, 0303 0101 0303 0506 0909 0607 3234 0910 1010
   LL3, 0506 0101 0303 0606 1012 0306 0834 0809 1616
   LL3, 0306 0101 0303 0506 1011 0303 1345 0809 0000
   LL3, 0103 0101 0303 0606 0109 0307 3236 0910 0000
   LL3, 0000 0101 0303 0808 0112 0107 3236 0808 0000
   LL3, 0103 0101 0303 0811 1012 0909 0834 0810 0000
   LL3, 0103 0101 0303 0508 0106 0306 0808 0810 0000
   LL3, 0506 0101 0303 0811 1012 0303 0834 0508 1717
Pop
   LOC, 0101 0101 0303 0606 1011 0303 0911 0707 0505
   LOC, 0103 0101 0303 0506 1011 0606 0909 0707 0000
   LOC, 0103 0101 0303 0606 0911 0505 0000 0707 0505
Pop
   MAN, 0103 0101 0404 0507 0101 0707 0000 0507 0000
Pop
   MLK, 0103 0102 0303 0507 0911 0305 2335 0000 0101
   MLK, 0103 0101 0303 0107 0111 0307 1023 0000 0000
Pop
   MS1, 0507 0102 0303 0507 0609 0306 0000 0508 0515
   MS1, 0507 0102 0303 0507 0606 0306 0808 0511 0515
   MS1, 0507 0102 0000 0505 0606 0000 0000 0000 0000
   MS1, 0507 0102 0303 0510 0606 0306 0808 0511 0515
Pop
   MS2, 0607 0101 0309 0510 0810 0505 1535 0606 0510
Pop
   MWR, 0106 0102 0303 0108 1011 0707 0818 0000 0000
   MWR, 0105 0101 0303 0506 0108 0306 1833 0000 0707
   MWR, 0305 0101 0303 0506 0709 0607 1118 0000 1717
   MWR, 0305 0101 0303 0506 0708 0606 1118 0000 1717
   MWR, 0305 0101 0303 0506 0708 0606 1146 0000 1717
   MWR, 0105 0101 0303 0508 0810 0609 1146 0000 1818
   MWR, 0105 0101 0303 0508 0810 0609 1146 0000 1717
   MWR, 0105 0101 0303 0508 0810 0609 1118 0000 1717
   MWR, 0507 0101 0303 0510 0108 0506 1118 0000 1717
   MWR, 0105 0101 0303 0508 0810 0609 1144 0000 1717
   MWR, 0105 0101 0303 0508 0810 0609 0610 0000 1111
   MWR, 0105 0101 0303 0508 0810 0609 1144 0000 1717
   MWR, 0506 0101 0303 0507 0911 0709 1111 0000 1717
   MWR, 0105 0101 0303 0808 0610 0306 1144 0000 1717
Pop
   NAG, 0101 0202 0303 0000 0111 0307 3135 0808 1115
   NAG, 0103 0102 2020 0000 0101 0708 3434 0808 1214
   NAG, 0103 0202 0303 0000 1111 0505 0000 0808 0000
Pop
   OFR, 0505 0101 0303 0107 1112 0606 2742 0709 0000
   OFR, 0106 0102 0303 0507 0510 0607 1531 0711 0000
   OFR, 0103 0101 0303 0609 0811 0707 4444 0707 0000
   OFR, 0606 0102 0303 0506 0000 0607 0000 0609 0000
   OFR, 0305 0101 0303 0709 0511 0506 2424 0509 0000
   OFR, 0105 0101 0303 0105 1011 0306 0944 0109 0000
   OFR, 0505 0101 0303 0107 1112 0606 2742 0709 0000
Pop
   PCB, 0101 0101 1415 0608 0101 0707 3434 0505 1515
   PCB, 0102 0101 1515 0608 0101 0708 3434 0505 1515
   PCB, 0102 0101 1414 0606 0101 0508 3434 0505 0000
   PCB, 0101 0101 1314 0206 0101 0508 3434 0505 1414
   PCB, 0101 0101 1415 0205 0110 0407 3434 0506 1414
   PCB, 0101 0101 1415 0608 0101 0708 3437 0507 1515
   PCB, 0101 0101 1415 0608 0101 0708 3437 0507 1515
   PCB, 0101 0101 1415 0608 0101 0708 3437 0507 1515
   PCB, 0101 0101 1415 0208 0101 0508 3436 0511 0000
   PCB, 0101 0101 1414 0208 0101 0507 3037 0507 0000
   PCB, 0101 0101 1414 0606 0101 0507 3434 0506 0000
   PCB, 0101 0101 1414 0212 0101 0707 3333 0709 0000
   PCB, 0101 0101 1414 0206 0101 0507 3434 0507 0000
   PCB, 0101 0101 1415 0206 0101 0507 3434 0507 1414
Pop
   PER, 0101 0102 0303 0709 0909 0507 1313 0509 1313
   PER, 0106 0202 0315 0607 0110 0506 0832 0808 1616
   PER, 0507 0102 0303 0506 0111 0303 0919 0710 1117
   PER, 0103 0202 0303 0709 0110 0707 0808 0511 1414
Pop
   PIA, 0305 0101 0303 0505 0110 0607 4343 0507 2525
Pop
   PMQ, 0106 0102 0304 0105 1010 0909 0911 0708 0505
   PMQ, 0101 0102 0303 0106 1010 0909 1134 0108 0000
   PMQ, 0101 0102 0303 0106 0910 0609 0809 0707 0505
   PMQ, 0106 0101 0303 0507 0910 0509 0927 0507 0505
Pop
   PWP, 0107 0102 0303 0509 0112 0606 1533 0107 1212
   PWP, 0103 0202 0303 0509 0101 0707 2436 0708 0000
   PWP, 0103 0102 0303 0506 0112 0707 0933 0708 1620
   PWP, 0103 0101 0304 0507 0812 0607 0808 0000 0000
   PWP, 0103 0101 0304 0509 1010 0506 0000 0000 0000
   PWP, 0303 0101 0000 0505 0108 0606 0909 0709 1515
   PWP, 0303 0101 0320 0505 0108 0606 0909 0709 1515
   PWP, 0106 0102 0304 0809 0101 0707 0912 0909 1515
   PWP, 0101 0101 0220 0506 0110 0607 3233 0609 1212
   PWP, 0103 0202 0404 0909 0108 0507 0816 0808 1220
   PWP, 0101 0101 0303 0509 0101 0606 0911 0507 1111
   PWP, 0101 0102 0303 0709 0110 0707 1212 0810 1717
   PWP, 0103 0202 0404 0609 0110 0507 0000 0000 0000
   PWP, 0306 0202 0304 0609 0110 0606 1212 0808 0000
   PWP, 0103 0202 0304 0509 0101 0607 1010 0808 1720
   PWP, 0103 0102 0304 0509 0112 0505 0000 0000 1414
   PWP, 0303 0202 0404 0609 0108 0707 0000 0810 1616
   PWP, 0103 0102 0300 0009 0808 0707 1111 0808 0000
   PWP, 0303 0102 0304 0509 1012 0506 0932 0606 1619
   PWP, 0103 0102 0314 0509 0111 0205 0930 0810 1222
   PWP, 0303 0102 0303 0506 0108 0000 0000 0000 0000
   PWP, 0103 0102 0303 0509 0111 0205 0000 0000 0000
   PWP, 0106 0102 0303 0506 0108 0707 0000 0808 1515
   PWP, 0303 0101 0303 0909 0101 0707 0000 0000 0000
   PWP, 0101 0101 2020 0506 0110 0607 3233 0609 1212
   PWP, 0304 0102 0303 0509 0110 0506 1212 0707 0000
   PWP, 0103 0202 0303 0509 0101 0708 1212 0808 1717
Pop
   RCA, 0103 0102 0000 0609 1011 0606 0824 0711 0000
   RCA, 0106 0101 0304 0000 0812 0000 1111 0910 1717
   RCA, 0106 0101 0304 0708 0108 0606 0832 0109 1616
   RCA, 0305 0101 0404 0507 0810 0606 0808 0111 0000
   RCA, 0606 0202 0404 0607 0808 0607 0808 1011 1316
   RCA, 0304 0101 0404 0909 0108 0000 3232 0106 0000
   RCA, 0103 0101 0404 0606 0108 0000 0810 0707 1212
   RCA, 0303 0101 0404 0609 0608 0707 1039 0107 1212
   RCA, 0106 0101 0404 0507 0108 0606 3232 0910 1717
   RCA, 0305 0102 0303 0909 0408 0000 0909 0105 0000
   RCA, 0103 0000 0303 0406 0812 0606 1439 0101 1116
   RCA, 0101 0101 0303 0505 0408 0000 3033 0111 1616
   RCA, 0103 0101 0304 0509 0101 0707 1111 1011 1115
   RCA, 0106 0101 0304 0000 0108 0000 0909 0111 1111
   RCA, 0101 0101 0404 0000 0108 0000 1130 0910 1521
   RCA, 0101 0101 0404 0506 0101 0707 1115 1011 1515
Pop
    RL, 0000 0000 0304 0511 0912 0506 3032 0000 0000
    RL, 0000 0000 0304 0000 0109 0507 3232 0000 0000
    RL, 0000 0000 0303 0607 1011 0507 0632 0000 0000
    RL, 0000 0000 0404 0508 0911 0607 0932 0000 0000
    RL, 0106 0102 0303 0707 0112 0505 3032 0708 1520
    RL, 0104 0102 0303 0609 0411 0507 0708 0507 1518
    RL, 0000 0101 0303 0308 0611 0606 1634 0707 1824
    RL, 0000 0000 0303 0809 0610 0306 3333 0000 1818
    RL, 0000 0000 0303 0606 0111 0607 3434 0000 1515
    RL, 0103 0101 0303 0809 0610 0306 3333 0711 1818
Pop
   ROC, 0101 0101 0303 0606 1011 0506 0832 0711 0517
Pop
   SAL, 0303 0101 0203 0506 0110 0707 3335 0107 0612
   SAL, 0303 0102 0220 0606 0101 0808 1335 0707 0606
   SAL, 0303 0101 0202 0606 0104 0909 1635 0107 0000
   SAL, 0103 0101 0211 0606 0411 0607 1313 0708 1212
   SAL, 0105 0102 0404 0506 0101 0606 0000 0707 1010
   SAL, 0103 0101 0202 0607 0108 0606 3232 0107 1214
   SAL, 0404 0000 0304 0000 0000 0000 3232 0107 1214
   SAL, 0105 0101 0303 0607 0108 0606 1111 0107 1212
   SAL, 0103 0101 0203 0607 0108 0607 0924 0708 0000
   SAL, 0103 0102 0202 0607 0108 0608 0000 0107 0000
   SAL, 0303 0102 0202 0612 0101 0608 1313 0107 0000
   SAL, 0101 0101 0315 0506 0101 0607 0912 0707 1114
   SAL, 0103 0102 0315 0506 0101 0707 2432 0707 1212
   SAL, 0106 0101 0203 0712 0104 0607 0932 0708 1111
Pop
   SAN, 0101 0102 0304 0608 0608 0306 2135 0208 2323
Pop
   SFP, 0606 0101 0303 0506 0609 0606 3232 1111 1111
   SFP, 0306 0101 0304 0507 1010 0506 3232 0709 0000
   SFP, 0101 0102 0404 0606 0606 0505 3233 0709 1111
   SFP, 0606 0101 0304 0606 0606 0507 0832 0909 1113
   SFP, 0103 0101 0304 0606 0309 0505 0832 0911 0000
   SFP, 0606 0101 0304 0606 0609 0506 1932 1111 1111
   SFP, 0103 0102 0404 0506 0909 0505 3234 0911 0000
Pop
   SHE, 0505 0101 0203 0707 0707 0307 1239 0607 0000
   SHE, 0505 0101 0000 0202 0000 0308 3343 0606 1313
   SHE, 0105 0101 0000 0606 0707 0608 3343 0506 1313
   SHE, 0105 0102 0000 0707 0707 0508 1232 0506 1313
   SHE, 0101 0102 0000 0712 0404 0808 1243 0506 0000
Pop
   SHO, 0104 0000 0303 0000 0610 0000 0000 1013 0000
   SHO, 0101 0000 0303 0000 0101 0000 0634 0707 1214
   SHO, 0103 0101 0303 0708 0110 0708 0634 0710 0000
   SHO, 0106 0101 0303 0809 0110 0507 1434 0506 0414
   SHO, 0103 0000 0303 0000 0110 0000 1532 0711 1616
   SHO, 0104 0000 0303 0707 0108 0507 1315 0811 0322
   SHO, 0306 0101 0303 0506 0108 0507 1534 0710 0000
   SHO, 0306 0101 0303 0506 0101 0507 3234 1113 0000
   SHO, 0306 0101 0303 0506 0101 0505 3234 0510 1223
   SHO, 0105 0101 0303 0707 0108 0707 1616 0707 1414
   SHO, 0306 0101 0303 0608 0110 0607 0612 0709 1414
   SHO, 0101 0101 0303 0608 0110 0707 0812 0709 1111
   SHO, 0306 0101 0303 0608 0110 0607 0612 0709 1414
   SHO, 0306 0000 0303 0000 0110 0000 0612 0709 1414
   SHO, 0307 0101 0303 0609 0101 0707 1534 0707 0000
   SHO, 0607 0102 0303 0709 0110 0507 2430 0506 0000
Pop
   STO, 0303 0000 0214 0000 0101 0505 0911 0707 0000
   STO, 0101 0101 0211 0208 0112 0307 0000 0909 0000
   STO, 0103 0000 1011 0000 0101 0000 0000 0709 0000
   STO, 0103 0202 0303 0606 0812 0507 0811 0707 0000
   STO, 0103 0202 0210 0205 0101 0506 1111 0707 0000
Pop
   SUS, 0103 0202 0303 0506 0810 0505 0844 0607 0000
   SUS, 0104 0202 0303 0507 0812 0507 0811 0708 1111
   SUS, 0106 0101 0303 0606 0810 0607 1115 0811 1414
   SUS, 0101 0101 0303 0707 0811 0507 0816 0707 0305
   SUS, 0101 0102 0303 0609 0809 0000 0809 0811 0512
   SUS, 0103 0202 0303 0506 0811 0000 0844 0607 0000
   SUS, 0106 0102 0404 0909 0108 0707 1116 0809 0512
   SUS, 0101 0101 0303 0707 0811 0707 0816 0708 0512
Pop
   TAL, 0106 0101 0215 0206 0000 0708 1533 0607 1515
   TAL, 0506 0101 0404 0712 0404 0508 3337 0708 0000
   TAL, 0105 0102 1515 0206 0404 0608 3333 0707 1115
Pop
   TER, 0306 0000 0000 0000 0409 0000 0713 0606 0000
   TER, 0306 0000 0000 0000 0409 0000 0000 0000 0000
   TER, 0306 0000 0000 0000 0404 0000 0000 0000 0000
   TER, 0306 0101 0000 0000 0000 0000 0713 0000 0000
   TER, 0306 0101 1515 0207 0409 0105 0713 0606 0000
   TER, 0606 0000 0000 0000 0409 0000 0000 0000 0000
   TER, 0306 0101 1517 0712 0104 0607 3333 0909 0000
   TER, 0306 0000 0000 0000 0104 0000 0000 0000 0000
   TER, 0306 0101 1517 0712 0404 0507 1313 0608 0000
   TER, 0306 0202 1115 0712 0409 0505 0000 0000 0000
   TER, 0607 0000 1616 0707 0404 0507 1010 0911 0000
   TER, 0106 0101 1515 0202 0109 0506 0000 0611 0000
   TER, 0106 0202 0000 0000 0101 0000 0000 0000 0000
   TER, 0406 0000 1116 0000 0410 0000 0000 0000 0000
   TER, 0404 0102 1515 0707 0404 0000 0000 0000 0000
   TER, 0304 0101 0316 0707 0404 0507 1013 0709 0000
   TER, 0303 0101 0411 0712 0404 0507 0909 0609 0000
   TER, 0306 0102 0404 0712 0404 0507 0909 0309 0000
   TER, 0306 0102 0411 0712 0404 0506 0909 0309 0000
   TER, 0303 0101 0404 1212 0409 0305 0911 0606 0000
   TER, 0103 0000 0000 0000 0404 0000 1434 0808 0000
   TER, 0103 0101 1516 0508 0404 0307 1434 0808 0000
   TER, 0306 0101 1515 0707 0104 0505 0713 0609 0000
   TER, 0407 0000 0000 0000 0104 0000 0707 0000 0000
   TER, 0103 0000 0000 0000 0104 0000 0000 0000 0000
   TER, 0103 0000 1517 0000 0104 0000 1010 0611 0000
   TER, 0106 0102 1515 0207 0110 0507 1010 0911 0000
Pop
   TYG, 0106 0101 0303 0607 0910 0707 0931 0507 1117
   TYG, 0106 0102 0303 0606 0910 0507 0911 0710 1417
Pop
   WBF, 0106 0202 0303 0609 0410 0106 3042 0609 0000
   WBF, 0103 0102 0314 0608 0109 0105 0915 0810 0000
   WBF, 0101 0101 0404 0708 0106 0506 0915 0810 0000
   WBF, 0106 0101 0214 0606 1011 0505 0208 0810 0000
   WBF, 0103 0102 1416 0808 1010 0000 3144 0308 0000
   WBF, 0106 0202 0214 0910 1010 0707 0831 0910 0000
   WBF, 0101 0101 0404 0608 0809 0507 0933 0808 0000
   WBF, 0106 0101 0214 0808 0101 0707 0930 0808 0000
   WBF, 0304 0202 0314 0809 0108 0000 0830 0303 0000
   WBF, 0106 0102 1414 0809 0110 0307 3030 0309 0000
   WBF, 0101 0101 0303 0809 0109 0505 0230 0811 0000
   WBF, 0106 0101 0214 0808 0109 0507 0909 0808 0000
   WBF, 0106 0202 0320 0809 0809 0507 3033 0808 0000
   WBF, 0106 0101 0314 0808 0110 0505 0933 0808 0000
   WBF, 0110 0102 1116 0808 0110 0707 0913 0308 0000
   WBF, 0306 0102 0211 0808 0000 0505 0944 0308 0000
   WBF, 0101 0102 0311 0606 0411 0707 0309 0709 0000
   WBF, 0106 0202 0314 0609 0101 0606 0438 0809 0000
   WBF, 0306 0000 0000 0000 0108 0000 2944 0000 0000
   WBF, 0306 0102 0314 0809 0108 0606 2944 0308 0000
   WBF, 0404 0101 0203 0809 0109 0606 1529 0708 0000
   WBF, 0101 0101 0202 0609 0108 0306 0433 0808 0000
Pop
   WDP, 0103 0101 0404 0707 0810 0607 0608 0810 1717
   WDP, 0103 0101 0303 0708 0110 0607 0808 0709 0000
   WDP, 0101 0101 0303 0505 0909 0507 0129 0303 0707
Pop
   WES, 0103 0102 0303 0510 0109 0607 1010 1111 0515
   WES, 0103 0202 0303 0505 0111 0607 0808 0811 0505
   WES, 0103 0102 0303 0610 0110 0707 0927 1111 0505
   WES, 0103 0202 0303 0505 1113 0707 0811 0612 0515
   WES, 0101 0202 0303 0506 0101 0708 0844 1010 0000
   WES, 0104 0102 0303 0507 1113 0607 2727 1010 0511
   WES, 0203 0202 0303 0506 0610 0306 0819 0107 1313
   WES, 0303 0102 0303 0810 1111 0606 0808 0112 0000
   WES, 0101 0101 0303 0106 0108 0606 1027 0709 0000
Pop
   WSL, 0101 0101 0316 0106 0108 0707 1027 0709 0000
   WSL, 0101 0101 0304 0105 1113 0307 0814 0507 1017
   WSL, 0101 0101 0316 0106 0111 0307 1014 0707 1717
   WSL, 0101 0101 0304 0000 0113 0507 0808 0000 1013
   WSL, 0101 0202 0304 0607 0808 0505 1414 1011 1010
   WSL, 0105 0101 0304 0000 0111 0305 2232 0510 1313
   WSL, 0101 0102 0304 0507 0810 0506 0714 0811 0000
   WSL, 0105 0101 0303 0506 0110 0707 0822 0708 0000
   WSL, 0103 0202 0303 0505 0909 0606 0810 1112 1515
Pop
   CFP, 0304 0101 0303 0606 0811 0507 1833 0000 1314
Pop
   CHA, 0101 0101 0404 0608 1212 0507 0606 0711 0000
Pop
   CON, 0105 0101 0304 0000 0810 0309 0619 0510 0812
   CON, 0103 0102 0404 0000 0609 0506 0608 0506 0813
Pop
   FCP, 0101 0101 0303 0505 0909 0507 0128 0303 0707
   FCP, 0101 0101 0303 0505 0101 0404 0134 0303 1414
   FCP, 0101 0101 0303 0505 0808 0507 0128 0303 0202
Pop
   FHM, 0103 0102 0304 0606 0610 0306 1919 0809 1313
   FHM, 0103 0102 0303 0506 0909 0506 0000 0000 0000
   FHM, 0101 0102 0303 0607 0909 0306 1519 0808 0000
   FHM, 0101 0101 0303 0607 0909 0307 1519 0808 1017
   FHM, 0101 0101 0404 0507 0815 0505 0808 0811 1717
   FHM, 0000 0101 0404 0000 0000 0000 0519 0000 1515
Pop
   LCN, 0407 0102 0304 0506 1111 0407 1115 0709 0000
   LCN, 0407 0102 0304 0506 1111 0407 1121 0709 0000
   LCN, 0407 0102 0304 0506 1212 0407 1120 0709 0000
   LCN, 0407 0102 0304 0506 1111 0407 1120 0709 0000
Pop
   LM1, 0506 0102 0303 0506 1111 0507 3241 0909 0505
   LM1, 0105 0102 0303 0506 0809 0505 3234 0809 0000
   LM1, 0104 0102 0303 0607 0809 0507 3234 0808 0000
   LM1, 0101 0101 0404 0606 0910 0505 1414 0708 1818
   LM1, 0101 0202 0303 0606 0810 0607 0834 0910 1019
   LM1, 0105 0101 0404 0000 0000 0707 0811 0909 0000
   LM1, 0106 0102 0303 0606 0910 0306 0808 0911 1010
   LM1, 0105 0101 0303 0507 0810 0707 0811 0808 0000
   LM1, 0103 0101 0000 0609 0809 0506 1414 0708 1518
   LM1, 0104 0102 0303 0607 0810 0707 0834 0808 1016
   LM1, 0104 0102 0303 0507 0909 0507 0811 0709 1818
   LM1, 0405 0101 0303 0506 1010 0505 0812 0711 0517
   LM1, 0103 0101 0303 0606 1112 0507 0835 0809 1919
   LM1, 0305 0102 0303 0607 0611 0707 0811 0809 1016
Pop
   LM2, 0101 0101 0303 0507 0109 0507 0809 0511 1920
Pop
   LM3, 0305 0102 0303 0606 1011 0305 1435 0810 1818
   LM3, 0305 0102 0303 0606 1011 0305 1435 0810 1518
   LM3, 0101 0000 0303 0000 1010 0507 0000 0707 1616
Pop
   MC1, 0101 0101 0303 0606 0111 0606 0814 0507 1515
   MC1, 0101 0101 0303 0606 0910 0606 1736 0809 0819
   MC1, 0105 0101 0303 0606 0110 0606 1617 0810 1616
   MC1, 0105 0101 0303 0606 0110 0306 1617 0810 1616
   MC1, 0105 0102 0303 0507 0110 0306 1617 0810 1616
   MC1, 0101 0000 0404 0506 0106 0505 0633 0507 0000
   MC1, 0101 0101 0404 0506 0106 0505 0633 0507 0000
Pop
   MC2, 0506 0101 0303 0509 0111 0506 1342 0607 1518
   MC2, 0106 0102 0303 0609 0111 0506 2442 0707 1818
   MC2, 0105 0102 0303 0606 0111 0606 0932 0809 1010
   MC2, 0105 0101 0303 0606 0111 0606 0932 0809 1010
   MC2, 0105 0102 0303 0507 0111 0305 0932 0809 1010
   MC2, 0105 0000 0303 0000 0111 0305 0932 0809 1010
   MC2, 0105 0102 0303 0606 0111 0506 0932 0809 1010
   MC2, 0105 0101 0303 0000 0110 0506 0932 0809 1014
   MC2, 0105 0101 0303 0606 0111 0306 0609 0000 1010
   MC2, 0101 0102 0304 0707 0811 0306 1033 0507 1013
Pop
   MC3, 0106 0101 0303 0707 0108 0707 2133 0909 1012
Pop
   OSF, 0101 0202 0303 0608 0108 0608 0834 0512 1515
   OSF, 0103 0102 0404 0606 0101 0607 2434 0708 0616
   OSF, 0101 0102 0304 0606 0101 0609 0641 0611 1222
Pop
   PET, 0103 0101 0303 0509 0101 0607 1041 0108 0000
   PET, 0103 0101 0303 0707 0101 0607 1016 0107 0000
   PET, 0303 0101 0303 0709 0108 0707 0000 0000 0000
   PET, 0303 0102 0303 0507 0106 0506 1515 0608 0000
   PET, 0303 0101 0303 0909 0108 0707 1515 0811 0000
   PET, 0103 0101 0311 0507 0108 0606 1015 0107 0000
   PET, 0103 0101 0311 0710 0109 0606 1515 0111 0000
   PET, 0303 0101 0303 0909 0112 0607 1010 0107 0000
   PET, 0103 0102 0303 0709 0812 0506 0000 0000 0000
   PET, 0303 0101 0203 0710 0101 0607 1515 0708 0000
   PET, 0103 0202 0303 0507 0101 0707 1115 0106 0000
   PET, 0303 0101 0303 0509 0108 0506 1517 0111 0000
   PET, 0303 0101 0000 0507 0108 0607 0000 0000 0000
   PET, 0303 0102 0404 0709 0109 0707 1717 0808 0000
   PET, 0103 0101 0304 0509 0108 0606 1117 0711 0000
   PET, 0101 0101 0304 0709 0101 0606 1010 0808 0000
   PET, 0000 0202 0000 0909 0108 0707 1515 0707 0000
   PET, 0103 0101 0411 0809 0108 0607 1515 0808 0000
   PET, 0103 0101 0304 0709 0108 0606 0000 0000 0000
   PET, 0303 0101 0311 0709 0112 0506 0000 0000 0000
   PET, 0103 0101 0303 0000 0110 0607 0000 0000 0000
   PET, 0103 0101 0304 0510 0000 0707 0000 0000 0000
Pop
   POC, 0103 0101 0000 0206 0110 0506 0000 0606 0000
   POC, 0103 0101 0000 0707 0112 0505 0000 0000 0000
   POC, 0103 0101 0000 0506 0101 0607 0000 0000 0000
   POC, 0103 0101 0000 0506 0110 0607 0000 0609 0000
   POC, 0103 0101 0000 0709 1212 0505 0000 0506 0000
   POC, 0103 0101 0304 0209 0809 0506 0000 0000 0000
Pop
   SCI, 0111 0102 0303 0606 0612 0505 1342 0710 1115
Pop
   SEL, 0106 0102 0303 0000 0909 0000 0911 0710 0816
   SEL, 0105 0102 0303 0607 0110 0707 1437 0610 0814
Pop
   SU1, 0106 0102 0303 0606 1112 0507 0919 0709 0511
   SU1, 0104 0101 0303 0506 0810 0506 0819 0909 1414
   SU1, 0106 0102 0303 0609 0609 0607 0830 0708 0511
   SU1, 0101 0102 0303 0608 0810 0607 0811 0711 0516
   SU1, 0101 0102 0303 0607 0910 0707 0809 0707 1111
   SU1, 0101 0101 0303 0606 0812 0606 0811 0809 1313
   SU1, 0101 0101 0000 0609 1112 0505 0819 0707 0519
   SU1, 0101 0101 0303 0709 0911 0507 0830 0811 1319
   SU1, 0101 0102 0303 0606 0111 0507 0832 0710 0303
   SU1, 0106 0102 0303 0606 1112 0507 0919 0709 0511
   SU1, 0101 0101 0303 0607 0809 0607 1119 0909 1313
Pop
   TUN, 0104 0202 0303 0000 0608 1010 0836 0608 1415
   TUN, 0103 0000 0000 0000 0812 0303 0000 0000 0000
   TUN, 0406 0102 0303 0108 1112 0606 0832 0809 1414
   TUN, 0103 0202 0303 0709 0105 0707 0719 1114 0618
   TUN, 0104 0202 0404 0811 1013 0707 1136 0909 1420
   TUN, 0106 0102 0304 0000 0913 0000 1136 0910 1418
   TUN, 0101 0202 0303 0000 0000 0000 0808 0110 1218
Pop
   WEN, 0103 0101 0303 0709 0911 0305 1111 0711 1014
